項目	値
事業の内容	" ３ 【事業の内容】当社グループは、当社及び連結子会社である株式会社バンク・オブ・インキュベーションの２社で構成され、「ロマン (世界で一番「思い出」をつくるエンターテイメント企業)」と「企業信念 (良いものは必ず評価される)」の二つの企業理念のもと、人々の心に末永く刻まれるようなサービスの創出を目指してスマートフォンアプリの開発・運営に取り組むスマートフォンアプリ関連事業を行っております。なお、当社グループはスマートフォンアプリ関連事業の単一セグメントであるため、セグメント別の記載はしておりません。　(1) スマートフォンアプリについて当社グループは、Google LLC及びApple Inc.等が運営するプラットフォーム上で提供するスマートフォンアプリを通じて、サービスを提供しております。多くのユーザーに楽しんでいただけるよう、基本的に無料で利用可能とし、より便利に利用するためのアイテム等を有料で販売しております。主たるサービスはゲームとその他サービスの２つに分類され、主なサービス内容は以下の通りとなります。 ①　ゲーム自社オリジナルのRPG (注１) アプリを提供しております。また、自社IP (Intellectual Property：知的財産) として他社に著作物の利用許諾を行っており、他社から支払われるロイヤリティも当社の売上として計上しております。本書提出日時点において提供しているサービスは、次のとおりであります。 2021年９月30日現在サービス名(配信開始年月)プラットフォームオリジナル／他社IP概要ミトラスフィア(2017年８月)App StoreGoogle PlayAndAppオリジナル多種多様な武具・アバター (注２) に加え、30種以上のボイスによる""なりきり""要素をふんだんに盛り込んだファンタジーRPGです。手軽に他のユーザーとのコミュニケーションとリアルタイムの冒険を楽しむことができます。(累計700万ダウンロード超)幻獣契約クリプトラクト(2015年２月)App StoreGoogle PlayAndAppオリジナル90年代RPGを彷彿とさせるような王道コマンドバトルと派手なエフェクトによる本格的ファンタジーRPGです。豪華声優陣によるボイスがゲームへの没入感をさらに高めます。(累計1,200万ダウンロード超) (注) １．「RPG (ロールプレイングゲーム)」とは、ユーザーがゲーム内の登場人物となり、与えられる試練 (冒険、難題、探索、戦闘等) を通して目的の達成を目指すゲームのことをいいます。２．「アバター」とは、ゲーム上におけるユーザーの分身となるキャラクターのことをいいます。 ②　その他サービス当社の連結子会社である株式会社バンク・オブ・インキュベーションが開発・運営する、当社のゲームアプリ以外のサービスをいいます。本書提出日時点において提供しているサービスは、次のとおりであります。 2021年９月30日現在サービス名(配信開始年月)プラットフォームオリジナル／他社IP概要恋庭(2021年４月)App StoreGoogle Playオリジナル「ゲームをしてたら、恋人ができた。」をコンセプトに、ゲーム恋活アプリ利用者数No.1の「心でつながる」サービスを提供しております。   　 サービス別売上高タイトル名2020年９月期2021年９月期売上高(千円)割合(％)売上高(千円)割合(％)ミトラスフィア1,106,87236.2739,59334.7幻獣契約クリプトラクト1,954,54863.81,216,37857.1恋庭――173,2468.1その他00.0――合計3,061,423100.02,129,218100.0  当社の事業系統図は次のとおりです。(注) １．当社グループは自社で開発したスマートフォンアプリをプラットフォームにおいて無料で配信しております。アプリ内では課金アイテム等を販売しており、ユーザーが課金アイテム等を購入した場合、プラットフォーム運営会社の手数料 (プラットフォーム運営会社による代金回収代行業務及び売上管理業務等にかかる手数料。以下、「PF手数料」という。) が差し引かれた金額が当社に入金されます。２．当社は自社で開発したゲームアプリを自社IPとして他社に提供しており、自社IP提供先は海外版等のゲームアプリを開発し、プラットフォームで無料で配信しております。ゲームアプリ内では課金アイテム等を販売しており、ユーザーが課金アイテム等を購入した場合、PF手数料が差し引かれた金額が自社IP提供先に入金されます。当社はその入金の一部をロイヤリティとして受け取っております。 (2) 当社の特徴及び強みについて当社の特徴及び強みは以下のとおりであります。　①　開発段階ａ．開発体制当社のゲームアプリは、高品質の2Dグラフィック (漫画やアニメーションのように平面的に描かれた図や絵のことを指します) に特化しております。スマートフォンゲーム市場において3Dゲームも広がりを見せる中で、自社の強みである2Dグラフィックをより追求し、他社との差別化を明確にすることで、独自の地位を築くことができると考えており、これまでのスマートフォンゲーム事業の運営において、より高品質なグラフィックを提供してまいりました。当社は高品質2Dグラフィックを効率的に量産するために、デザイナー人員数の増強、社内教育の整備、多段階チェック (後述ｃ．を参照) の導入によって「グラフィック主体の開発体制」を構築しております。当該体制では、デザイナー人員数が従業員の約４割を占めており、内製化率向上による外注コストの抑制、社内全体及び個人の技能向上、品質の担保及び追求が可能となっております。当社は、当社のようなデザインを重視した開発体制を敷いている同業他社は少なく、構築においても組織の再構築から相当の時間とコストが発生するものと捉えており、同業他社による模倣は容易ではないと考えております。よって、当社は業界において特異性及び優位性を確保できていると考えております。 従業員数に対するデザイナーの人数及び割合 2020年９月期2021年９月期人数(名)割合(％)人数(名)割合(％)デザイナー6939.97744.8その他10460.19555.2合計173100.0172100.0 　ｂ．オリジナル2Dグラフィックによる効果当社が当事業年度末時点で提供しているゲームアプリは、上述ａ．の開発体制のもとで開発しております。過去に提供していたゲームアプリと比較してダウンロード数が増加するなど、運営段階においても大きな効果が表れております。このことから、当社は高品質グラフィックによってユーザーの興味関心が引き出されているものと考えており、一度実装したグラフィックも定期的にブラッシュアップを行うなど、日々品質の向上を図っております。 ｃ．安定したゲームの開発体制当社は、グラフィックの制作及びゲームシステムの開発において多段階チェックを導入しております。企画から配信開始までの間において、アートディレクターやプロデューサー主体によるグラフィックの多段階チェック、またゲームシステムについては経営会議及び必要に応じて事前テストを実施可能な外注先企業を交えた品質の多段階チェックを実施しております。段階ごとに多角的な視点から進捗及び品質を確認することによって、高品質のゲームアプリを安定的かつ継続して開発することを目指しております。   ②　運営段階ａ．ゲームアプリの長期運営当社は「ゲームに対して積極的なユーザー層 (注)」をメインターゲットとしております。そして、多くのお客様に長く遊んでいただくことを長期安定運営の基盤とし、当社がゲームをより深く楽しんでいただくための施策を投じていくことによって強化されていくものと考えております。当社の運営力の源泉は確立されたPDCAサイクルであり、ユーザー動向のデータ分析、KPI (重要業績評価指標) 変動要因の把握、新機能の立案及び実装後におけるKPI推移の確認や他社分析の実行等によって成り立っております。　当社は、メインターゲットに受け入れられるように、また懐かしさを感じながら新たな思い出に繋がるような味わいの深いオリジナル2Dグラフィックによって差別化を図るとともに、これまでのPC向けゲームやゲームアプリ開発における成功・失敗のあらゆる面から蓄積したノウハウの活用、そして「お客様と共にゲームをつくっていく」という姿勢を通してサービスの長期運営に取組んでまいりました。ゲーム内で実施したアンケートやお問い合わせに寄せられた意見・要望等を参考に、解決すべき課題の洗い出しや施策への活用、グラフィックのブラッシュアップ等、様々な取り組みを続けた結果、2015年２月に配信を開始した「幻獣契約クリプトラクト」は現在も多くのお客様に楽しんでいただいております。　(注) 当社では、現在においてスマートフォンゲームや家庭用ゲーム機、PCゲーム等に親しんでいる層のほか、これらのゲームにかつて深く親しんだ経験のある層を対象としております。 ｂ．プロモーション当社は、設定した予算内でより費用対効果があると判断したプロモーションを実施しております。また、プロモーション単価のコントロールを適切に行うため、実施したプロモーション施策についてのデータ分析及びPDCAサイクルを遂行しております。プロモーション手法は基本的にウェブ中心でありますが、ゲーム内施策との連携を行うなど、ユーザー訴求効果が見込めるような施策も取り入れております。 ｃ．自社IPの活用当社は、今後の中長期的な成長を見据えるために、収益貢献度が高く、かつ他社IPの制約にとらわれない開発が可能であるオリジナルタイトルの開発・運営を主力としており、プロモーションとの連携によって自社IPの確立及び収益の多角化を図っております。現行の取り組みといたしましては、同業他社に対する当社の著作物利用許諾を通して、国内外へ向けたスマートフォン、PC等のプラットフォーム展開を行っており、当社はロイヤリティを受け取っております。"
経営方針、経営環境及び対処すべき課題等	１ 【経営方針、経営環境及び対処すべき課題等】文中の将来に関する事項は、当連結会計年度末現在において当社グループが判断したものであります。 (1) 経営方針当社グループは、企業理念である「ロマン (世界で一番「思い出」をつくるエンターテイメント企業)」と「企業信念 (良いものは必ず評価される)」のもと、スマートフォンゲームアプリを中心に高品質のサービスを提供していくことで、株主価値の最大化及び企業価値の向上を目指してまいります。　(2) 経営戦略当社グループは、スマートフォンゲーム市場において継続的に企業価値や株主価値を高めていくために、以下の戦略によって事業の拡大を目指してまいります。なお、当社グループが事業を展開する業界は、新型コロナウイルス感染症の感染拡大の影響を直接的に受けづらい業界であり、当社グループにおいても本書提出日現在、事業及び業績に大きな影響を及ぼす事項はありません。今後につきましても、予期せぬ事態が発生した場合に備え、状況推移を注視してまいります。 ①　良いものづくり当社グループは、サービスの提供を通してユーザー満足度の最大化、かつ株主価値の向上を目指すにあたり、良いものづくりをしたい経営陣・従業員が互いに尊重しながら開発を行っていくことが重要であると考えております。そこで、「第１　企業の概況　３　事業の内容　(2)　当社の特徴及び強みについて」において前述した開発・運営における強みをベースに「品質最優先」の開発を最重要事項に掲げるとともに、開発期間の期限をあえて設けず、品質に納得したタイミングで配信を目指すフェーズへ進む方針のもと、質の高いサービスの開発に取り組んでおります。 ②　自社IPの創出当社グループが掲げるロマンを達成するには、「20年先、30年先にも残るような価値あるIP」を創出することが重要であると考えております。その中で当社グループは、１本のタイトルをヒットさせるにとどまることなく、その先も長く人々の心に残るようなIPを作っていきたいという強い気持ちがあります。そのために、既存タイトルのIP活用の推進などといったIPの認知度向上のための取組みを実施しており、新作タイトルについても積極的に検討してまいります。 ③　海外市場展開当社が今後、収益規模の拡大を目指すにあたり、日本市場だけでなく世界に向けたサービスの開発に取り組むことが重要であると考えており、現在開発中の新作ゲームアプリは世界同時配信かつ自社配信 (ただし、中国等の一部国・地域を除く。) を前提に進めております。また、将来的な自社配信による収益拡大を目指し、現地のパブリッシャーと連携し配信している既存ゲームアプリの海外配信で得られる各種データ分析等を通して、海外市場の展開に必要なノウハウの蓄積に取り組んでおります。 (3) 目標とする経営指標当社グループは、翌期以降３年間における売上高及び営業利益それぞれの合計金額を重要な経営指標とし、中長期的に株主価値の最大化を図ってまいります。　　(4) 経営環境及び優先的に対処すべき課題日本国内のスマートフォンゲーム市場を取り巻く環境においては、市場の成熟化が進む一方で上位タイトルのけん引によって安定した推移を続けております。また、2020年の全世界アプリストア消費支出は1,200億ドルに到達したと公表されております (参考：AppAnnie「モバイル市場年鑑2021」)。このような事業環境のもと、当社グループは今後もゲームアプリを中心に事業規模を拡大し、将来的にスマートフォンを活用したエンターテイメント領域に進出したいと考えております。当社グループはその実現のため、以下の課題の解決に取り組んでまいります。 ①　収益力の高いサービスの提供当社グループがスマートフォンアプリ関連事業においてより一層成長していくためには、収益力が高く、かつ多くのユーザーが長期的に楽しめるような質の高いサービスを提供していくことが重要であると考えております。当社グループは引き続き、既存タイトルの開発・運営を通して蓄積した各種データやノウハウを活用することで、新たな収益の創出に繋げてまいります。　②　優秀な人材の確保当社グループは、今後の市場の動向やユーザーの多様化に迅速に対応していくために、優秀な人材の獲得及び育成が課題であると認識しておりますが、有能な人材ほど他社との獲得競争が激しく、採用が難しくなる状況となることも考えられます。当社グループでは、社内研修の強化、福利厚生の充実を図っていくとともに、志望者を惹きつけるようなオリジナリティのあるヒットタイトルを継続的に提供していくことで採用強化に繋げたいと考えております。また、事業活動を通してコーポレートブランドを高め、ゲームだけではなく企業としての魅力を世の中に訴求していくことも重要であると考えております。　③　サービスの安全性及び健全性の強化オンラインゲーム業界においては、リアル・マネー・トレード (オンライン上のキャラクター、アイテム、ゲーム内仮想通貨等を、現実の通貨で売買する行為のこと) や、有料アイテムの不適切な出現確率表示、未成年による課金などの問題が社会的に度々提起されております。また、マッチングサービス業界においては「インターネット異性紹介事業を利用して児童を誘引する行為の規制等に関する法律」等の法的規制により、業界全体で環境整備が進んでまいりました。当社グループは、こうした状況を踏まえ、事業に関連する業界の健全性や成長性を損なうことのないように対応していくことが重要な課題であると認識しており、各種法的規制や業界団体の自主規制を遵守しております。　④　システム管理体制の強化当社グループが提供するサービスは、多数のユーザーが同時にネットワークに接続することを想定しておりますが、主にサービス開始時や大型メンテナンス終了時等においてシステムに想定以上の負荷がかかった場合、サービスの提供に支障が生じることがあります。当社グループは、ユーザーがいつでも快適にサービスを利用できる体制を整備することが重要であると認識しており、システム基盤や管理体制の強化を通して、安定したサービス提供を目指してまいります。 ⑤　組織体制の強化当社グループが、今後更なる業容拡大を図るためには、事業環境の変化に適応しつつ、持続的な成長を支える組織体制・内部管理体制の強化が重要であると考えております。当社グループとしましては、内部統制の実効性を高めるための環境を整備し、コーポレート・ガバナンスを充実していくことにより、内部管理体制の強化やリスク管理の徹底と業務の効率化を図ってまいります。
事業等のリスク	 ２ 【事業等のリスク】本書に記載した事業の状況、経理の状況等に関する事項のうち、投資家の判断に重要な影響を及ぼす可能性のある事項を記載しております。また、必ずしもそのようなリスク要因に該当しない事項につきましても、投資判断上あるいは当社グループの事業活動を理解するうえで重要と考えられる事項につきましては、投資家に対する積極的な情報開示の観点から以下に記載しております。なお、文中の将来に関する事項は、当連結会計年度末現在において当社グループが判断したものであり、将来において発生可能性のあるすべてのリスクを網羅するものではありません。 (1) 事業環境に関するリスク①　スマートフォンゲーム市場の動向について当社グループの事業領域である日本国内のスマートフォンゲーム市場は、１兆円規模を安定して推移しつつも、海外勢の参入等により競争が激化しております。また、オンラインマッチングサービス市場は婚活需要の高まりとともに社会的な認知が進んでおり、一層の市場拡大が見込まれております。しかしながら、新たな法的規制や通信事業者の動向によって、市場の成長を阻害するような要因が重なった場合、当社グループの事業及び業績に影響を及ぼす可能性があります。 ②　プラットフォーム運営事業者の動向について当社グループのスマートフォンアプリ関連事業では、アプリストアを通じてユーザーへサービスを提供しており、特にApp Storeを運営するApple Inc.並びにGoogle Playを運営するGoogle LLCの２社に対する収益依存が大きくなっております。また、当社グループは各運営事業者の定める規約を遵守するとともに、各運営事業者に対して代金回収代行業務及び売上管理業務等にかかる手数料を支払っております。しかしながら、アプリストアの売上等の各種ランキングの仕様変更や今後起こり得る規約変更をはじめとする各運営事業者の動向によって当社グループのサービス提供が困難となった場合、当社グループの事業及び業績に影響を及ぼす可能性があります。 ③　競合他社について当社グループはオリジナル2Dグラフィックの制作技術で差別化を図り、高品質のスマートフォンアプリを提供し続けることを目指してまいります。しかしながら、同業他社との競争激化によって優位性を保てなくなった場合には、当社の提供するスマートフォンアプリの利用者数が減少し、当社グループの事業及び業績に影響を及ぼす可能性があります。　(2) 事業・サービスに関するリスク①　スマートフォンアプリの開発及び運営について当社グループは、主にRPGのゲームアプリの開発・運営を行っておりますが、これまでの運営で蓄積したノウハウの活用により、着実にユーザー数や売上規模が拡大するとともに、ユーザーから主にグラフィック面において一定の評価を得ていると認識しております。しかしながら、これらのサービスにおいてはユーザーの嗜好の移り変わりが激しく、ユーザーニーズの的確な把握や、ニーズに対するコンテンツの導入が、何らかの要因により困難となった場合には、ユーザーへの訴求力の低下等から当社グループの事業及び業績に影響を及ぼす可能性があります。　②　特定のタイトルにおける収益依存について当社グループは、売上の大部分を特定のゲームアプリに依存している状況にあり、2021年９月期における売上高に対して、「幻獣契約クリプトラクト」が全体の売上高の57.1％、「ミトラスフィア」が34.7％と大きな割合を占めております。当社グループといたしましては、確立されたPDCAサイクルの実行によって既存タイトルのサービス向上に取り組む一方で、人的資源を新規開発に集中させることで新たなサービスの創出に注力してまいります。しかしながら、今後既存タイトルの収益が想定よりも大きく下回った場合、当社グループの事業及び業績に影響を及ぼす可能性があります。 ③　サービスの安全性及び健全性について当社が提供するゲームアプリは、不特定多数の個人ユーザーが、各ユーザー間において独自にコミュニケーションを取ることができる機能を設ける場合があります。当社は、健全なコミュニティを育成するため、利用規約において社会的問題へと発展する可能性のある不適切な利用の禁止を明示しております。また、ゲーム上において会話又は投稿するにふさわしくない禁止語句の設定やユーザー等のモニタリングを常時行っており、規約に違反したユーザーに対しては、改善の要請や退会等の措置を講じるよう努めております。当社グループは引き続き、健全性維持の取り組みを実施してまいりますが、万が一当社が把握できなかったユーザーの不適切な行為によってトラブルが生じた場合には、利用規約の内容に関わらず、当社が法的責任を問われる可能性があります。また、法的責任を問われない場合においても、企業の信用やブランド価値が低下し、当社グループの事業及び業績に影響を及ぼす可能性があります。なお、事業規模の拡大に伴い、コンテンツの健全性の維持、向上のために必要な対策を講じていく方針ではありますが、これに伴うシステム対応や体制強化の遅延等が生じた場合や、対応のために想定以上に費用が増加した場合には、当社グループの事業及び業績に影響を及ぼす可能性があります。また、オンラインゲーム業界においては、リアル・マネー・トレードが一部ユーザーにより行われております。当社のゲームアプリには、ユーザー同士でアイテムを交換する等の機能は設けておりませんが、ごく一部のユーザーが希少なアイテムを保有するゲームアカウントをオークションサイトに出品している事例が発生しております。当社では、利用規約においてゲームアカウントの売買を禁止する旨を表記するとともに、オークションサイトの適時監視も行っております。しかしながら、当社に関連するリアル・マネー・トレードが大規模に発生、拡大した場合には、当社サービスの信頼性が低下し、当社グループの事業及び業績に影響を及ぼす可能性があります。 ④　システム障害について当社グループの事業は、スマートフォンやPC、コンピュータ・システムを結ぶ通信ネットワークに全面的に依存しており、自然災害や事故 (社内外の人的要因によるものを含む) 等によって通信ネットワークが切断された場合には、当社グループの事業及び業績は深刻な影響を受けます。また、当社グループの運営する各サイトへのアクセスの急激な増加、データセンターへの電力供給やクラウドサービスの停止等の予測不可能な様々な要因によってコンピュータ・システムがダウンした場合、当社グループの事業及び業績に影響を及ぼす可能性があります。　⑤　開発・運営コストの増加について当社グループは、自社による開発・運営を行っていることから、開発運営費が高くなる傾向にあります。当社グループでは引き続き、コストコントロールを行いながら高品質アプリの開発に取り組んでまいりますが、アプリ内コンテンツの高品質化等の影響により開発運営費が高騰した場合、また、サービス開始後の売上が想定どおりとならない場合には、当社グループの事業及び業績に影響を及ぼす可能性があります。また、当社グループはウェブ中心のプロモーションを実施する中で、広告宣伝費の予実管理や費用対効果を見極めた広告宣伝を実施しておりますが、今後の市場動向によって広告単価が上昇した場合には、当社グループの事業及び業績に影響を及ぼす可能性があります。併せて、Web広告や動画の配信等の広告宣伝活動は、当社グループが自社IPの確立を目指すうえでは不可欠な取り組みでありますが、多額の広告宣伝費が必要となることもあり、場合によっては利益を圧迫する可能性があります。さらに投下した広告宣伝費が期待した効果を得られないケースも考えられ、当社グループの事業及び業績に影響を及ぼす可能性があります。　⑥　開発フェーズの長期化について当社グループは、「第２　事業の状況　１　経営方針、経営環境及び対処すべき課題等　(2) 経営戦略」に記載のとおり、開発期間の期限をあえて設けない「品質最優先」を最優先事項とし、国内外において20年先・30年先にも残るような価値あるIPの創出を目指すという戦略のもとで事業を進めてまいります。また、当社グループの人員規模や経営資源等を勘案し、ヒットの確率をより高めるために１～２本に集中して新作ゲームアプリ及び新規サービスの開発に取り組んでまいります。なお、当社グループでは以下の対策を講じ、開発フェーズの後退防止に努めております。 イ．プログラミング言語 (開発言語) に起因する防止策半期に一度、エンジニアリング推進室が開発言語に関する調査を実施し、使用中の開発言語に有効性があることを確認しております。ロ．世界観設定等の変更に起因する防止策経営会議の開発進捗確認 (月次で実施) によって、世界観設定等の変更に伴うグラフィックの変更を防止しております。ハ．ブラッシュアップ (品質向上) 期間に起因する防止策新作タイトルの開発スケジュールで品質向上のための猶予期間を３カ月設定しており、ブラッシュアップが発生した場合においても対応できる体制としております。 また、当社グループは高品質ゲームアプリの開発のために開発ラインの数を絞り込んでいるため、事業展開における柔軟性は決して高いとはいえません。よって、事業環境や業界の動向によっては、早急な対応が容易ではない体制であると捉えており、開発期間が長期化した場合、当社グループの事業及び業績に影響を及ぼす可能性があります。 ⑦　新たな事業展開について当社グループは将来的に、現在のスマートフォンアプリ関連事業から、スマートフォンゲームコンテンツを活用したエンターテイメント領域に進出したいと考えており、追加的な支出が発生する可能性や、当社が今まで想定していない新たなリスクが存在する可能性があります。このため、新たな事業展開が想定どおりに進捗しなかった場合には、当社グループの事業及び業績に影響を及ぼす可能性があります。 ⑧　海外展開について当社グループにおける既存ゲームアプリは、当社と現地企業との間で締結した契約に基づき、現地企業によるローカライズ開発・運営がなされており、当社は著作権利用料を受け取っております。現在開発中の各サービスについては、自社配信を前提に進めておりますが、顧問弁護士を通して法令調査等を実施するなど事前のリスク回避に努めております。しかしながら、展開予定先の情勢や特有の法的規制により想定通りに展開できない場合、対応にかかるコストが増加するほか、当社グループの事業及び業績に影響を及ぼす可能性があります。 (3) 法的規制に関するリスク①　インターネットに関連する法的規制について当社の事業に関連する各種法的規制等については、随時対応しております。しかしながら、不測の事態により、万が一当該規制等に抵触しているとして何らかの行政処分等を受けた場合、また、今後これらの法令等が強化され、もしくは新たな法令等が定められ当社の事業が制約を受ける場合、当社グループの事業及び業績に影響を及ぼす可能性があります。　②　サービスに関する法的規制等について当社グループが属するスマートフォンゲーム業界は、主に「有料アイテム」における過度な射幸心の誘発等の問題が度々提起されており、最近では「不当景品類及び不当表示防止法 (以下、「景品表示法」という。)」における有利誤認・優良誤認や「資金決済に関する法律 (以下、「資金決済法」という。)」における仮想通貨の取扱いについて取り上げられました。当社グループでは、景品表示法にかかる対策として、当社の顧問弁護士との協議や法改正に関する情報交換、日本オンラインゲーム協会 (ＪＯＧＡ) が制定しているガイドラインの遵守等に自主的に取組んでおります。また、資金決済法に関しては同法が定める規定に従って金融機関との間で発行保証金保全契約を締結するなどにより遵守しております。さらに「インターネット異性紹介事業を利用して児童を誘引する行為の規制等に関する法律」の適用を受けるサービスを提供しておりますが、インターネット異性紹介事業者としての届出やサービス内における年齢認証等を実施しており、法令等を順守のうえでユーザーに安心してご利用いただけるサービス提供に努めております。以上のことから、サービスの提供には大きな影響を与えていないものと認識するとともに、今後も変化する可能性がある社会的要請について、サービスを提供する企業として自主的に対応し、業界の健全性・発展性を損なうことの無いよう努めていくべきであると考えております。しかしながら、今後、社会情勢の変化によって、既存の法令等の解釈の変更や新たな法令等の制定等、法的規制が行われた時に当社の事業が著しく制約を受ける場合には、当社グループの事業及び業績に大きな影響を及ぼす可能性があります。　(4) 知的財産権の管理に関するリスク当社グループは、自社で提供しているサービスに関する知的財産の獲得に努めております。また、リスクの中に当社役員・従業員や人材派遣会社からの派遣社員などによる知的財産権の持ち出しを含めて検討し、社内管理体制の強化によってリスク回避を図っております。現時点で、第三者より知的財産権に関する侵害訴訟を提起又は通知されている事実はなく、また顧問弁護士・顧問弁理士等と密に連携しており、一切他社の知的財産権を侵害していないという認識ではありますが、万が一、当社の認識外で、第三者の知的財産を侵害した場合には、損害賠償請求や使用差止請求を受け、当社グループの事業及び業績に影響を及ぼす可能性があります。 (5) 企業価値の毀損リスク当社は、企業価値の維持及び強化がユーザーの信頼確保、当社の将来的な成長に繋がると考えております。事業を展開する中で想定されるトラブルを未然に防ぐため、上述「(3) 法的規制に関するリスク」に列挙した法的規制をはじめとする関連法規、ガイドライン並びに当社内で定める各種規則の遵守を徹底しておりますが、当社に関する否定的な評判・評価が世間に流布される場合には、当社の企業価値が低下し、当社の事業及び業績に影響を及ぼす可能性があります。さらに、当社が事業を展開する中で予期せぬトラブルが発生し、訴訟に発展した場合には、多額の訴訟対応費用が発生し、当社グループの事業、業績及び財政状態に影響を及ぼす可能性があります。 (6) 組織体制に関するリスク①　人材の採用と育成について当社グループが、今後更なる業容拡大に対応するためには、継続して優秀な人材の確保・育成が重要な課題となります。人材獲得競争が過熱する中で、有能な人材が競合他社に引き抜かれる等により人材が流出するリスクも想定されますが、当社グループでは、現在も採用による人材の獲得に加え、入社後の社内研修、各種勉強会の開催、福利厚生の充実など、人材の育成及び流出に対応した各種施策を推進しております。しかしながら、新規の採用や社内における人材の育成が計画どおりに進まない場合、当社グループの事業及び業績に影響を及ぼす可能性があります。また、開発の内製化は、品質の担保や開発体制の強化につながる一方で、外注比率の低下によって適時のコスト削減がしづらいというデメリットがあります。当社グループでは、全従業員の生産性向上を目的とする人員配置を随時行っておりますが、売上が想定を下回る場合、当社の業績に影響を及ぼす可能性があります。また、利益率が低いサービスの運営に関して、KPI改善を図る中で人員配置がうまくいかず、事業撤退判断や経営判断に遅れが生じた場合、当社グループの事業及び業績に影響を及ぼす可能性があります。 ②　代表者への依存について当社の代表取締役社長である樋口智裕は、創業当時から最高経営責任者として当社の経営戦略・事業戦略においてきわめて重要な役割を担うほか、子会社である株式会社バンク・オブ・インキュベーションの代表取締役社長を兼務しております。当社グループは、同氏の属人性に依存することのない組織的な事業経営体制の構築を目的として、優秀な人材の採用及び育成並びに権限の委譲等を推進しております。しかしながら、何らかの理由により同氏が当社及び子会社の業務を継続することが困難となった場合、当社グループの事業推進等に影響を及ぼす可能性があります。 ③　内部管理体制について当社グループは、企業価値の持続的な増大を図るにはコーポレート・ガバナンスが有効に機能することが不可欠であるとの認識のもと、業務の適正性及び財務報告の信頼性の確保、さらには健全な倫理観に基づく法令遵守の徹底が必要であると認識しております。当社グループでは内部管理体制の充実に努めておりますが、事業の急速な拡大により、十分な内部管理体制の構築が追いつかないという状況が生じる場合には、適切な業務運営が困難となり、当社グループの事業及び業績に影響を及ぼす可能性があります。 (7) その他のリスク①　資金調達について当社は、スマートフォンアプリ関連事業における必要資金の多くを、主に金融機関からの借入金によって充当しており、当連結会計年度末現在の有利子負債は1,447百万円となっております。本書提出日時点では、金融機関との関係は良好であることから必要な資金の新規調達に懸念はないものと認識しております。しかしながら、将来、当社の信用格付けの引下げや金利変動に伴う資金調達コストの増加等、何らかの理由により資金調達に支障が生じた場合、当社グループの業績と財務状況に影響を及ぼす可能性があります。また、調達資金が計画どおりに使用された場合でも、想定の成果を上げることができない可能性があります。　②　新株予約権の行使による株式価値の希薄化について当社は、取締役及び従業員に対するインセンティブを目的として、新株予約権を付与しております。これらの新株予約権が権利行使された場合、当社株式が新たに発行され、既存の株主が有する株式の価値及び議決権割合が希薄化する可能性があります。当連結会計年度末現在のこれらの新株予約権による潜在株式数4,000株であり、発行済株式総数3,951,000株の0.10％に相当しております。　③　配当政策について当社は、株主に対する利益還元を経営の重要課題の一つであると認識しておりますが、当事業年度末時点においては内部留保並びに再投資によって１株当たり株主価値を向上させていくことを優先とし、配当実施の可能性及びその実施時期等については未定であります。なお、将来的には、事業の進捗状況及び当社を取り巻く事業環境を勘案しながら、当社株式を中長期的に保有する方針をお持ちの株主・投資家の皆様を中心に経済的利益を享受していただけるよう、より良い方法を検討してまいりたいと考えております。　④　自然災害等について当社グループでは、自然災害、事故等に備え、定期的なバックアップ、稼働状況の常時監視等により、トラブルの事前防止又は回避に努めておりますが、当社グループの所在地近辺において、大地震等の自然災害が発生した場合、当社グループ設備の損壊や電力供給の制限等の事業継続に支障をきたす事象が発生して、当社グループの事業及び業績に重要な影響を及ぼす可能性があります。 ⑤　新型コロナウイルス感染症について当社グループが属するスマートフォンゲーム業界は、新型コロナウイルス感染症の感染拡大の影響を直接的に受けづらい業界であり、当社グループにおいても本書提出日現在、事業及び業績に大きな影響を及ぼす事項はありません。引き続き今後の状況推移を注視してまいりますが、当該感染症の収束時期やその他の状況の経過により、当社グループの財政状態、経営成績に重要な影響を及ぼす可能性があります。　
経営者による財政状態、経営成績及びキャッシュ・フローの状況の分析	 ３ 【経営者による財政状態、経営成績及びキャッシュ・フローの状況の分析】(1) 経営成績等の状況の概要当連結会計年度における当社グループの財政状態、経営成績及びキャッシュ・フロー (以下、「経営成績等」という。) の状況の概要は次のとおりであります。 ①　財政状態及び経営成績の状況当連結会計年度におけるわが国経済は、新型コロナウイルス感染症が社会に大きな影響を及ぼした中、感染拡大の防止策を講じた社会経済活動や各種政策の効果、海外経済の改善もあって、持ち直しの動きが続くことが期待されておりました。しかしながら、経済の回復にはまだ相当の時間がかかる様相であるほか、感染の動向が内外経済に与える影響や金融資本市場の変動等の影響には注視する必要があります。当社グループの事業を取り巻く環境においては、2020年の国内ゲームアプリ市場規模は１兆2,113億円と安定した推移が続いております（参考：株式会社角川アスキー総合研究所「ファミ通モバイルゲーム白書2021」）。　このような事業環境のもと、当社グループの中長期的な成長の要となる複数の新規アプリの企画・開発及び既存アプリの運営に取り組み、新作ゲームアプリ「メメントモリ」の開発が進捗し事前登録を2021年８月に開始したほか、2021年４月より配信中の「恋庭」では、「ゲームをしてたら、恋人ができた。」という体験ができるゲーム恋活アプリとして、利用者数が毎月増加しており、今後の成長に向けたサービス基盤の確立を進めてまいりました。しかしながら、新作ゲームアプリの開発費や「恋庭」立ち上げからの広告宣伝費等が大きく影響し、営業損失を計上するに至りました。以上の結果、当連結会計年度の売上高は2,129,218千円（前連結会計年度比30.5％減）、営業損失807,587千円（前連結会計年度は営業損失60,232千円）、経常損失801,937千円（前連結会計年度は経常損失70,305千円）、親会社株主に帰属する当期純損失に関しては541,587千円（前連結会計年度は親会社株主に帰属する当期純損失74,581千円）となりました。なお、当社グループはスマートフォンアプリ関連事業の単一セグメントであるため、セグメント別の記載はしておりません。 ②　キャッシュ・フローの状況当連結会計年度末における現金及び現金同等物 (以下、「資金」という。) は、前連結会計年度と比べて870,087千円減少し、1,351,372千円となりました。当連結会計年度における各キャッシュ・フローの状況とそれらの要因は次のとおりであります。　(営業活動によるキャッシュ・フロー)当連結会計年度において営業活動の結果使用した資金は729,831千円 (前連結会計年度比483,279千円の支出増)となりました。主な要因は、税金等調整前当期純損失の計上801,937千円、売上債権の減少額141,811千円、利息の支払額11,608千円であります。 (投資活動によるキャッシュ・フロー)当連結会計年度において投資活動の結果使用した資金は65,443千円 (前連結会計年度比53,391千円の支出増) となりました。主な要因は、定期預金の純増額59,994千円、有形固定資産の取得による支出5,521千円であります。 (財務活動によるキャッシュ・フロー)当連結会計年度において財務活動の結果使用した資金は74,916千円 (前連結会計年度は344,156千円の収入) となりました。主な要因は、長期借入金の純減額81,909千円、ストックオプションの行使による収入7,266千円であります。 ③　生産、受注及び販売の状況ａ．生産実績当社グループは生産活動を行っておりませんので、記載を省略しております。 　ｂ．受注状況当社グループは受注生産を行っておりませんので、記載を省略しております。　ｃ．販売実績当連結会計年度の販売実績は次のとおりであります。なお、当社グループはスマートフォンアプリ関連事業の単一セグメントであります。セグメントの名称　当連結会計年度(自　2020年10月１日　至　2021年９月30日)前年同期比(％)スマートフォンアプリ関連事業 (千円)2,129,218△30.5  (注) １．当連結会計年度の主な相手先別の販売実績及び当該販売実績の総販売実績に対する割合は次のとおりであります。 相手先前連結会計年度(自　2019年10月１日　至　2020年９月30日)当連結会計年度(自　2020年10月１日　至　2021年９月30日)販売高(千円)割合(％)販売高 (千円)割合(％)Apple Inc.1,592,10152.01,086,21451.0Google LLC1,260,29241.2851,78040.0 ２．上記の金額には、消費税等は含まれておりません。３．相手先は決済代行事業者であり、ユーザーからの代金回収を代行しております。 (2) 経営者の視点による経営成績等の状況に関する分析・検討内容経営者の視点による当社グループの経営成績等の状況に関する認識及び分析・検討内容は次のとおりであります。なお、文中の将来に関する事項は、当連結会計年度末現在において当社グループが判断したものであります。 ①　重要な会計方針及び見積り当社グループの連結財務諸表は、わが国において一般に公正妥当と認められている会計基準に基づき作成されております。この連結財務諸表の作成にあたって、経営者による会計方針の選択・適用、資産・負債及び収益・費用の報告金額並びに開示に影響を与える見積りを必要とする箇所があります。これらの見積りについては、過去の実績等を勘案し合理的に判断しておりますが、実際の結果は、見積りによる不確実性のため、これらの見積りとは異なる場合があります。当社グループの連結財務諸表の作成における重要な会計方針は、「第５　経理の状況　１　連結財務諸表　(1)　連結財務諸表　注記事項(連結財務諸表作成のための基本となる重要な事項) 及び (重要な会計上の見積り)」に記載しております。　②　当連結会計年度の経営成績等の状況に関する認識及び分析・検討内容ａ．経営成績等1) 財政状態 (資産)当連結会計年度末における総資産は2,469,325千円となり、前連結会計年度末に比べ714,260千円減少いたしました。これは主に、現金及び預金が810,092千円減少、売掛金が141,811千円減少、繰延税金資産が264,346千円増加したことによるものであります。   (負債)当連結会計年度末における負債は1,747,038千円となり、前連結会計年度末に比べ179,664千円減少いたしました。これは主に、流動負債の「その他」に含まれる前受金が93,545千円減少、長期借入金（１年内返済予定の長期借入金を含む。）が81,909千円減少したことによるものであります。  (純資産)当連結会計年度末における純資産は722,287千円となり、前連結会計年度末に比べ534,595千円減少いたしました。これは主に、親会社株主に帰属する当期純損失を541,587千円計上したことに伴い利益剰余金が減少したことによるものであります。 2) 経営成績 (売上高)　当連結会計年度の売上高は2,129,218千円（前連結会計年度比30.5％減）となりました。詳細は、「第２　事業の状況　３　経営者による財政状態、経営成績及びキャッシュ・フローの状況の分析　(1) 経営成績等の状況の概要　①財政状態及び経営成績の状況」に記載のとおりであります。  (売上原価、売上総利益)当連結会計年度の売上原価は2,327,013千円（前連結会計年度比6.8％減）となりました。増減の主な要因としては、既存アプリの課金高減少に伴うプラットフォーム手数料の減少によるものであります。この結果、当連結会計年度の売上総損失は197,795千円（前連結会計年度は売上総利益563,428千円）となりました。  (販売費及び一般管理費、営業利益)当連結会計年度の販売費及び一般管理費は609,791千円（前連結会計年度比2.2％減）となりました。増減の主な要因としては、広告宣伝費に含まれる採用関連費用の減少によるものであります。この結果、当連結会計年度の営業損失は807,587千円（前連結会計年度は営業損失60,232千円）となりました。  (営業外損益、経常利益)当連結会計年度の営業外収益は19,045千円（前連結会計年度比263.8％増）、営業外費用は13,395千円（前連結会計年度比12.5％減）となりました。営業外収益の主な内訳は助成金収入17,164千円、営業外費用の主な内訳は支払利息の発生11,607千円であります。この結果、当連結会計年度の経常損失は801,937千円（前連結会計年度は経常損失70,305千円）となりました。  (特別損益、親会社株主に帰属する当期純利益)当連結会計年度の特別損益は、特別利益及び特別損失ともに計上がありませんでした。これらの結果、税金等調整前当期純損失は801,837千円（前連結会計年度は税金等調整前当期純損失70,305千円）となり、法人税、住民税及び事業税3,996千円並びに法人税等調整額△264,346千円の計上により、親会社株主に帰属する当期純損失は541,587千円となりました。　3) キャッシュ・フローの分析キャッシュ・フローの状況につきましては、「第２　事業の状況　３　経営者による財政状態、経営成績及びキャッシュ・フローの状況の分析　(1)　経営成績等の状況の概要　②　キャッシュ・フローの状況」に記載のとおりであります。 ｂ．経営成績に重要な影響を与える要因当社の経営成績に重要な影響を与える要因は「第２ 事業の状況 ２ 事業等のリスク」に記載のとおりであります。 ｃ．資本の財源及び資金の流動性当社の事業活動における運転資金需要の主なものは、広告宣伝費、人件費、地代家賃等であります。このほか、会社の成長に必要な設備投資等を含め、収入と支出のバランスを考慮して資金運用を実施することを主たる方針としております。これらの運転資金については、自己資金及び金融機関からの借入で資金調達しております。 ｄ．経営方針、経営戦略、経営上の目標の達成状況を判断するための客観的な指標等当社は、「第２ 事業の状況　１　経営方針、経営環境及び対処すべき課題等」に記載のとおり、翌期以降３年間における売上高及び営業利益それぞれの合計金額を経営方針、経営戦略、経営上の目標の達成状況を判断するための指標と位置付け、その向上を目指しております。　
経営上の重要な契約等	４ 【経営上の重要な契約等】 スマートフォン・タブレット端末向けアプリプラットフォーム運営事業者との契約 相手先の名称国名契約名称契約内容契約期間Google LLC米国Google Playデベロッパー販売／配布契約書Android搭載端末向けアプリケーションの配信及び販売に関する契約定めなしApple Inc.米国iOS DeveloperProgram LicenseAgreementiOS搭載端末向けアプリケーションの配信及び販売に関する契約１年間(１年毎の自動更新)  
研究開発活動	５ 【研究開発活動】当社グループは、「世界で一番「思い出」をつくるエンターテイメント企業」というロマンを達成すべく、日々の研究開発に取り組んでおります。研究内容といたしましては、スマートフォンアプリの開発を目的とした市場調査・分析、テスト開発等であります。　当連結会計年度における研究開発費の総額は、668,854千円であります。
設備投資等の概要	１ 【設備投資等の概要】当連結会計年度における主要な設備投資は、ネットワーク関連機器の取得5,521千円であります。なお、重要な設備の除却、売却等はありません。　
主要な設備の状況	２ 【主要な設備の状況】(1) 提出会社当社は、スマートフォンアプリ関連事業を行っております。　主要な設備は、以下のとおりであります。2021年９月30日現在事業所名(所在地)設備の内容帳簿価額(千円)従業員数(名)建物工具、器具　及び備品ソフトウエア合計本社(東京都新宿区)事務所用設備988,3185,57113,987172 (4) (注) １．現在休止中の主要な設備はありません。２．上記の金額には消費税等は含まれておりません。３．本社の建物は賃借物件であり、年間賃借料は116,719千円であります。４．従業員数は就業人員 (当社から社外への出向者を除き、社外から当社への出向者を含む。) であり、臨時従業員数 (契約社員及びアルバイトを含み、人材会社からの派遣社員を除く。) は、年間の平均人員を (　) 外数で記載しております。５．当社の事業セグメントは、スマートフォンアプリ関連事業の単一セグメントであるため、セグメント別の記載を省略しております。 (2) 国内子会社重要性がないため、記載を省略しております。 
株式の総数	① 【株式の総数】 種類発行可能株式総数(株)普通株式14,000,000計14,000,000  
発行済株式、株式の総数等	② 【発行済株式】 種類事業年度末現在発行数(株)(2021年９月30日)提出日現在発行数(株)(2021年12月20日)上場金融商品取引所名又は登録認可金融商品取引業協会名内容普通株式3,951,0003,951,000東京証券取引所(マザーズ)単元株式数は100株であります。計3,951,0003,951,000―― (注) 提出日現在発行数には、2021年12月１日からこの有価証券報告書提出日までの新株予約権の行使により発行された株式数は、含まれておりません。 
配当政策	３ 【配当政策】当社は、株主に対する利益還元を経営における重要課題であると認識しておりますが、当事業年度末時点においては内部留保並びに再投資によって１株当たり株主価値を向上させていくことを優先し、配当実施の可能性及びその実施時期等については未定であります。引き続き、事業拡大に向けた投資によって株主価値を高めていくことを優先に事業を進めていく方針ではありますが、将来的には、事業の進捗状況及び当社を取り巻く事業環境を勘案しながら、当社株式を中長期的に保有する方針をお持ちの株主・投資家の皆様を中心に経済的利益を享受していただけるよう、より良い方法を検討してまいりたいと考えております。　　なお、剰余金の配当を行う場合、年１回の期末配当を基本方針としており、期末配当の決定機関は株主総会としております。また、当社は中間配当を取締役会の決議によって行うことができる旨を定款に定めております。　
コーポレート・ガバナンスの概要	(1) 【コーポレート・ガバナンスの概要】 ①　コーポレート・ガバナンスに関する基本的な考え方当社グループは、長期的かつ継続的に株主価値を高めていくために、コーポレート・ガバナンスの充実を経営上の重要課題の一つとして認識しております。このため、企業倫理と法令遵守の徹底、経営環境の変化に迅速・合理的に対応できる意思決定体制及び業務執行の効率化を可能とする社内体制を構築して、コーポレート・ガバナンスの充実に取り組んでまいります。また、すべてのステークホルダーから信頼を得ることが不可欠であると考え、経営情報の適時開示 (タイムリーディスクロージャー) を通じて透明性のある経営を行ってまいります。　②　企業統治の体制の概要及び当該体制を採用する理由イ．企業統治の体制の概要当社は、取締役会設置会社であり、かつ監査等委員会設置会社であります。 Ａ　取締役会取締役会は、監査等委員でない取締役３名、監査等委員である取締役３名 (うち、社外取締役３名) で構成しております。取締役会の構成員の氏名は、後記「(2) 役員の状況　①　役員一覧」に記載のとおりであり、議長は代表取締役社長の樋口智裕が務めております。取締役会は、毎月１回の定例取締役会のほか、必要に応じて臨時取締役会を開催しており、経営上の意思決定機関として、取締役会規程に基づき重要事項を決議し、取締役の業務執行状況を監督しております。 (諮問委員会)取締役等の指名や報酬等に関する評価・決定プロセスについて透明性及び客観性を確保するため、取締役会の諮問機関として任意の「指名・報酬委員会」を設置しております。指名・報酬委員会は、代表取締役社長と監査等委員である取締役３名 (うち、社外取締役３名) で構成しており、監査等委員である取締役は全員独立役員として届出を行っております。また、指名・報酬委員会の構成員の氏名は、後記「(2) 役員の状況　①　役員一覧」に記載のとおりであり、議長は監査等委員の熊倉安希子氏が務めております。 Ｂ　監査等委員会監査等委員会は、監査等委員である取締役３名で構成されており、３名全員が社外取締役であります。監査等委員会の構成員の氏名は、後記「(2) 役員の状況　①　役員一覧」に記載のとおりであり、議長は監査等委員の熊倉安希子氏が務めております。監査等委員は、取締役会に出席し、必要に応じて公正・客観的な立場から意見を述べるとともに、監査計画に基づき取締役の職務執行を監査しており、毎月１回の定例監査等委員会において相互の情報共有を図っております。 Ｃ　経営会議経営会議は、経営メンバーの協議・決定機関として、監査等委員でない取締役３名で構成されており、原則として毎週２回開催しております。経営会議は、取締役会への付議事項についての事前討議、経営上の重要事項及び予算の進捗状況について、協議・決定等を行い、意思決定の迅速化と業務執行の効率化を図っております。 　　 　当社の企業統治の体制を図示すると次のとおりであります。  ロ．当該体制を採用する理由当社は、取締役会並びに経営会議において機動的な意思決定を行う一方、社外取締役で構成されている監査等委員会による客観的な監査等によってコーポレート・ガバナンスの実効性を担保することが可能となります。また、内部監査を担う内部監査室が各機関・機能と相互連携することによりコーポレート・ガバナンス機能が有効に機能すると判断し、現状の企業統治の体制を採用しております。 ③　企業統治のその他に関する事項イ．内部統制システムの整備の状況当社は、業務の適正性を確保するための体制として、以下のとおり取締役会において「内部統制システムの整備に関する基本方針」を定める決議を行っており、現在当該基本方針に基づき内部統制システムの運用を行っております。 Ａ　取締役、使用人の職務の執行が法令及び定款に適合することを確保するための体制(a) 役職員の職務執行が、法令、定款及び社内規程等に適合することを確保するため、企業理念を制定し、役職員はこれをコンプライアンスの視点をもって遵守する。(b) 取締役会は、経営判断に基づく重要事項を決定するとともに、取締役の職務執行の監督を行う。(c) 監査等委員会は、法令が定める権限を行使し、取締役の職務執行を監査する。(d) 「内部通報規程」に基づき、通報窓口を設置する。(e) 取締役及び使用人の法令違反については、原因追究及び再発防止に努めるとともに、就業規則等に基づき、処罰の対象とする。(f) 「コンプライアンス規程」を制定し、企業の社会的責任を深く自覚し、日常の業務遂行において関係法令を遵守し、社会倫理に適合した行動を実践する。(g) コンプライアンス委員会を設置し、関係法令を遵守する体制強化を図る。　Ｂ　取締役の職務の執行に係る情報の保存及び管理に関する体制(a) 「文書管理規程」を定め、重要な会議体の議事録等、取締役の職務の執行に係る情報を含む文書 (電磁的記録を含む。) は、当該規程等の定めるところに従い、適切に保存・管理を行う。(b) 「情報セキュリティ基本規程」を定め、情報資産の保護・管理を行う。(c) 「特定個人情報取扱規程」を定め、マイナンバーの保護・管理を行う。 Ｃ　損失の危険の管理に関する規程その他の体制(a) 「リスク管理規程」を制定し、当社グループ全体の事業活動において想定される各種リスクに対応する組織、責任者を定め、適切に評価・管理体制を構築する。(b) リスク管理委員会を設置し、事業活動における各種リスクに対する予防・軽減体制の強化を図る。(c) 危機発生時には、担当部門の部門長は、委員長及び事務局に直ちに報告し、事務局は委員長の指示を受けて、リスク管理委員会を開催するものとする。 Ｄ　取締役（監査等委員であるものを除く。以下本項において同じ。）の職務の執行が効率的に行われることを確保するための体制(a) 取締役は、情報共有を密に行うことにより、効率的に職務を執行する。(b) 「取締役会規程」、「業務分掌規程」及び「職務権限規程」を定め、取締役の職務及び権限、責任の明確化を図る。(c) 取締役会を毎月１回以上定期的に開催するほか、必要に応じて適宜臨時に開催する。 Ｅ　当社並びにその子会社から成る企業集団における業務の適正を確保するための体制(a) 当社は、企業理念に基づき、当社グループ全体のコンプライアンス体制の構築に努める。(b) 当社は、「関係会社管理規程」に基づき、各子会社の状況に応じて必要な管理を行う。また、各子会社の営業成績、財務状況その他の重要な情報について、定期的な報告を義務付ける。(c) 当社は、子会社の機関設計及び業務執行体制につき、子会社の事業、規模、当社グループ内における位置付け等を勘案のうえ、定期的に見直し、効率的にその業務が執行される体制が構築されるよう監督する。(d) 当社は必要に応じ、子会社に対して業務の監査を行う。 Ｆ　監査等委員会がその職務を補助すべき使用人を置くことを求めた場合における当該使用人に関する事項(a) 監査等委員会の求めに応じて、監査等委員会と協議のうえ、使用人を監査等委員会スタッフとして任命し、当該監査業務の補助に当たらせる。(b) 監査等委員会スタッフを設置する場合には、取締役及び使用人は、当該監査等委員会スタッフの業務が円滑に行われるよう、監査環境の整備に協力する。(c) 監査等委員会スタッフは、監査等委員会からの指示に基づき、他部門へ協力体制の確保を依頼することができる。また、監査等委員会からの指示に基づき、社内の重要会議等への出席や重要文書の閲覧を行うことができる。　Ｇ　監査等委員の職務を補助すべき使用人の取締役（監査等委員であるものを除く。）からの独立性に関する事項(a) 監査等委員会スタッフは、監査等委員会スタッフ業務について、取締役その他の上長等の指揮命令を受けないことにより独立性を確保し、その任命や解任、考課及び人事異動は、監査等委員会の同意を得たうえで決定するものとする。 Ｈ　当社及び子会社の取締役及び使用人が監査等委員会に報告するための体制(a) 監査等委員会は、取締役会に出席するほか経営会議等重要な会議の議事録を閲覧し、当社及び子会社の取締役（当社の取締役については監査等委員であるものを除く。以下本項において同じ。）及び使用人から職務執行状況の報告を求めることができる。(b) 当社及び子会社の取締役及び使用人は、法令に違反する事実を発見した場合には、速やかに内部通報窓口 (内部監査室又は社外弁護士) に報告する。(c) 当社及び子会社の取締役及び使用人は、監査等委員会からの業務執行に関する事項の報告を求められた場合には、速やかに報告する。 Ｉ　その他監査等委員会の監査が実効的に行われることを確保するための体制(a) 監査等委員会は、法令に従い、過半数を社外取締役とし、公正かつ透明性を担保する。(b) 監査等委員会は、代表取締役社長と定期的に意見交換を行い、相互の意思疎通を図る。また、必要に応じて当社の取締役及び重要な使用人からヒアリングを行う。(c) 監査等委員会は、会計監査人及び内部監査室と定期的に情報交換を行い、相互の連携を図る。(d) 監査等委員会は、監査業務に必要と判断した場合は、会社の費用負担にて弁護士、公認会計士、その他専門家の助力を得ることができる。 Ｊ　財務報告の信頼性を確保するための体制(a) 信頼性のある財務報告を作成することが重要であることから、「財務報告に係る内部統制基本方針」を整備し、周知徹底を図る。(b) 財務報告の作成過程において、虚偽記載及び誤謬が生じないよう実効性のある内部管理体制の整備及び運用を行う。 Ｋ　反社会的勢力との取引排除に向けた基本的考え方及びその整備状況(a) 反社会的勢力に対しては、毅然とした態度で臨むとともに、一切の関係を遮断する。(b) 経営管理部を反社会的勢力対応部署とし、情報の一元管理を行うとともに、すべての使用人に「反社会的勢力対策規程」の周知徹底を行い、組織的に違法行為・不当要求へ対処する。(c) 反社会的勢力による不当要求、組織暴力及び犯罪行為に対しては、警察等の外部専門機関と連携し、解決を図る体制を整備している。 ロ．リスク管理体制の整備の状況当社は、持続的な成長を確保するため「リスク管理規程」を定めており、全社的なリスク管理体制の強化を図っております。また、代表取締役社長を委員長とし、取締役及びその他委員長が選んだ者で構成されるリスク管理委員会を設置し、リスクの評価、対策等、広範なリスク管理に関し協議を行い、具体的な対応を検討しております。更に、地震、火災等の災害に対処するため、「防災マニュアル」を制定し、不測の事態に備えております。また、必要に応じて弁護士、公認会計士、弁理士、税理士、社会保険労務士等の外部専門家の助言を受けられる体制を整えており、リスクの未然防止と早期発見に努めております。 ハ．コンプライアンス体制の整備状況当社は、企業価値の持続的向上のためには、全社的なコンプライアンス体制の強化・推進が必要不可欠であると認識し、「コンプライアンス規程」を制定し、その周知徹底と遵守を図っております。代表取締役社長を委員長とし、当社及び子会社の常勤取締役、監査等委員会スタッフ及びその他委員長が選んだ者で構成されるコンプライアンス委員会を設置し、コンプライアンスに係る仕組みの推進、コンプライアンスに関する研修等の実施、コンプライアンス違反に係る再発防止策の構築等を行っております。また、法令違反その他のコンプライアンスに関する社内相談・報告体制として、「内部通報規程」に基づく、内部通報制度を整備しております。　ニ．取締役の定数当社の取締役 (監査等委員である取締役を除く。) は10名以内、監査等委員である取締役は５名以内とする旨を定款で定めております。　ホ．取締役の選任決議当社は、取締役の選任決議について、監査等委員である取締役とそれ以外の取締役とを区別して、議決権を行使することができる株主の議決権の３分の１以上を有する株主が出席し、その議決権の過半数をもって行う旨を定款に定めております。また、取締役の選任決議は、累積投票によらないものとする旨を定款に定めております。　ヘ．自己株式取得当社は、会社法第165条第２項の規定により、取締役会の決議によって自己の株式を取得することができる旨を定款に定めております。これは、経営環境の変化に迅速に対応し、機動的な資本政策を遂行するためであります。 ト．中間配当当社は、会社法第454条第５項の規定により、取締役会の決議によって、毎年３月31日を基準日として中間配当を行うことができる旨を定款に定めております。これは、機動的な資本政策を遂行するためであります。　チ．社外取締役の責任免除当社は、職務の遂行にあたり期待される役割を十分に発揮できるようにするため、会社法第426条第１項の規定により、任務を怠ったことによる取締役 (取締役であった者を含む。) の損害賠償責任を、法令の限度において、取締役会の決議によって免除することができる旨を定款に定めております。 リ．責任限定契約の内容について当社と社外取締役は、会社法第427条第１項の規定に基づき、同法第423条第１項の損害賠償責任を限定する契約を締結しております。当該契約に基づく損害賠償責任限度額は、法令が定める最低責任限度額としております。なお、当該責任限定が認められるのは、当該社外取締役が責任の原因となった職務の遂行について善意でかつ重大な過失がないときに限られます。 ヌ．役員等賠償責任保険の内容について当社は、当社の取締役 (監査等委員である取締役を含む。) を被保険者とする会社法第430条の３第１項に規定する役員等賠償責任保険契約を保険会社との間で締結しており、被保険者がその職務の執行に関し責任を負うこと又は当該責任の追及にかかる請求を受けることによって生じることのある損害 (ただし、当該保険契約上で定められた免責事由に該当するものを除く。) を当該保険契約により補填することとしております。なお、当該保険契約の保険料は全額当社が負担しており、被保険者の実質的な保険料負担はありません。　ル．株主総会の特別決議要件当社は、株主総会の円滑な運営を行うことを目的として、会社法第309条第２項の定める特別決議について、議決権を行使することができる株主の議決権の３分の１以上を有する株主が出席し、その議決権の３分の２以上をもってこれを行う旨を定款に定めております。 
役員の状況	 (2) 【役員の状況】①　役員一覧　　 男性5名　女性1名 (役員のうち女性の比率16.7％)役職名氏名生年月日略歴任期所有株式数(株)代表取締役社長樋口 智裕1983年１月15日2006年１月当社設立　代表取締役社長(現任)2019年11月株式会社バンク・オブ・インキュベーション設立　代表取締役社長(現任)(注)３1,743,100取締役人事部長田中 大介1983年９月20日2006年１月当社監査役2007年４月当社取締役2017年３月当社取締役　人材開発部長(現人事部長)2019年11月株式会社バンク・オブ・インキュベーション　取締役2020年９月当社取締役　ゲーム運営部長兼人事部長2021年12月当社取締役　人事部長(現任)株式会社バンク・オブ・インキュベーション　監査役(現任)(注)３290,000取締役CFO経営管理部長河内 三佳1985年８月31日2008年３月監査法人トーマツ(現有限責任監査法人トーマツ)入所2011年10月公認会計士登録2013年10月当社入社、経営管理部長2014年12月当社取締役CFO　経営管理部長(現任)2019年11月株式会社バンク・オブ・インキュベーション　取締役(現任)2020年12月GMOプレイミュージック株式会社(現GMOコネクト株式会社)　取締役(現任)(注)３31,700取締役(監査等委員)熊倉 安希子1978年９月27日2003年10月朝日監査法人(現有限責任あずさ監査法人)入所2017年５月当社監査役2019年11月株式会社バンク・オブ・インキュベーション　監査役2019年12月当社取締役(常勤監査等委員)2020年９月株式会社ギックス　監査役(現任)2021年12月当社取締役(監査等委員)(現任)(注)４―取締役(監査等委員)深町 周輔1976年１月23日2004年10月弁護士登録、弁護士法人かすが総合入所2011年１月フォーサイト総合法律事務所入所(現任)2013年12月当社監査役2015年７月株式会社シルバーライフ監査役2016年３月株式会社富士山マガジンサービス監査役(現任)2018年10月株式会社シルバーライフ取締役(監査等委員)(現任)2018年11月株式会社メルティンMMI監査役(現任)2019年12月当社取締役(監査等委員)(現任)(注)４―取締役(監査等委員)木戸 隆之1974年１月４日2000年10月東京都社会保険労務士会登録2002年９月株式会社エコミック入社2003年４月SATO社会保険労務士法人入所2004年６月株式会社エコミック取締役2012年７月社会保険労務士法人あんしんサポート設立　代表社員(現任)2016年３月当社監査役2019年12月当社取締役(監査等委員)(現任)(注)４―計2,064,800 (注) １．取締役　熊倉安希子氏、深町周輔氏及び木戸隆之氏は、社外取締役であります。２．当社の監査等委員会の体制は次のとおりであります。　　委員長　熊倉安希子氏、委員　深町周輔氏、委員　木戸隆之氏３．2021年12月17日開催の定時株主総会の終結の時から、選任後１年以内に終了する事業年度のうち最終のものに関する定時株主総会の終結の時までであります。４．2021年12月17日開催の定時株主総会の終結の時から、選任後２年以内に終了する事業年度のうち最終のものに関する定時株主総会の終結の時までであります。 ②　社外役員の状況当社の監査等委員である取締役３名は、全員社外取締役であります。社外取締役の熊倉安希子氏は、公認会計士として豊富な経験と幅広い見識を有しております。なお、当社と同氏との間に人的関係、資本的関係又は取引などの特別な利害関係はありません。社外取締役の深町周輔氏は、弁護士として豊富な経験と幅広い見識を有しております。なお、当社と同氏の間に人的関係、資本的関係又は取引などの特別な利害関係はありません。社外取締役の木戸隆之氏は、社会保険労務士として豊富な経験と幅広い見識を有しております。なお、当社と同氏の間に人的関係、資本的関係又は取引などの特別な利害関係はありません。当社は、社外取締役の独立性に関する基準又は方針は定めておりませんが、独立性に関しては株式会社東京証券取引所が定める基準を参考にしており、経営の独立性を確保していると認識しております。 ③　社外取締役による監督又は監査と内部監査、会計監査との相互連携並びに内部統制部門との関係社外取締役は、それぞれ取締役会等への出席を通して、内部監査・会計監査等にて確認された社内管理体制に関する重要事項についての報告を受けており、当該会議体の中で必要に応じて適宜助言等を行うことで当社の内部統制の体制強化に向けた協力を行っております。また、監査等委員である社外取締役は、監査等委員会監査の実施に当たって、会計監査人及び内部監査室と定期的に情報交換を行い、相互の連携を図っております。 　
貸借対照表	① 【貸借対照表】           (単位：千円)          前事業年度(2020年９月30日)当事業年度(2021年９月30日)資産の部   流動資産    現金及び預金※１ 2,463,388※１ 1,593,030  売掛金367,898178,161  前払費用46,16354,458  その他107,60188,107  貸倒引当金―△5,000  流動資産合計2,985,0521,908,757 固定資産    有形固定資産     建物2,47398   工具、器具及び備品6,4048,318   有形固定資産合計8,8788,416  無形固定資産     ソフトウエア1,8025,571   無形固定資産合計1,8025,571  投資その他の資産     関係会社株式100,000100,000   関係会社長期貸付金―300,000   繰延税金資産90,290244,801   敷金及び保証金74,27566,322   その他―3,355   貸倒引当金―△3,355   投資その他の資産合計264,565711,123  固定資産合計275,247725,111 資産合計3,260,2992,633,868              (単位：千円)          前事業年度(2020年９月30日)当事業年度(2021年９月30日)負債の部   流動負債    1年内返済予定の長期借入金528,372466,305  未払金158,134124,215  未払費用13,78511,221  未払法人税等―992  未払消費税等14,50412,458  前受金187,34293,253  預り金19,86114,357  流動負債合計922,000722,804 固定負債    長期借入金1,000,547980,705  固定負債合計1,000,547980,705 負債合計1,922,5471,703,509純資産の部   株主資本    資本金490,943490,943  資本剰余金     資本準備金468,383468,383   資本剰余金合計468,383468,383  利益剰余金     その他利益剰余金      繰越利益剰余金572,439153,871   利益剰余金合計572,439153,871  自己株式△194,015△182,838  株主資本合計1,337,751930,359 純資産合計1,337,751930,359負債純資産合計3,260,2992,633,868 
損益計算書	② 【損益計算書】           (単位：千円)          前事業年度(自 2019年10月１日　至 2020年９月30日)当事業年度(自 2020年10月１日　至 2021年９月30日)売上高3,061,4231,968,046売上原価※１ 2,429,840※１ 2,145,135売上総利益又は売上総損失（△）631,583△177,089販売費及び一般管理費※２ 622,204※２ 406,551営業利益又は営業損失（△）9,378△583,640営業外収益   受取利息491,063 経営管理料※１ 11,000※１ 12,000 助成金収入4,83117,164 その他3541,837 営業外収益合計16,23432,066営業外費用   支払利息8,29911,607 支払手数料7,0091,788 営業外費用合計15,30813,395経常利益又は経常損失（△）10,304△564,970税引前当期純利益又は税引前当期純損失（△）10,304△564,970法人税、住民税及び事業税1223,924法人税等調整額3,895△154,511法人税等合計4,017△150,586当期純利益又は当期純損失（△）6,286△414,383 
キャッシュ・フロー計算書	
