項目	値
事業の内容	３【事業の内容】　当社は、スナック菓子、タブレット等の製造販売を主たる事業としております。また、当社は以下の子会社３社及び関連会社１社を統括しております。　台湾湖池屋股份有限公司・・・・・・・台湾でのスナック菓子の販売及び輸出事業　Koikeya Vietnam Co.,Ltd.・・・・・・ベトナムでのスナック菓子の製造販売及び輸出事業　KOIKEYA（THAILAND）CO.,LTD. ・・・・タイでのスナック菓子の販売事業　日清湖池屋（中国・香港）有限公司・・香港でのスナック菓子の販売事業 　親会社の日清食品ホールディングス株式会社とは、業務・資本提携により開発・マーケティング・調達・生産・営業といった事業活動全般における協働関係の強化に取り組んでおります。 ［事業系統図］事業系統図は以下のとおりであります。※　Koikeya Vietnam Co.,Ltd.は連結会社に対して製品の輸出を行っております。 (1) 国内事業　スナック菓子の製造は関東工場、関東第二工場、関東第三工場、京都工場及び九州阿蘇工場の自社工場５拠点に加え、業務提携をしているふらの農業協同組合の工場「シレラ富良野」にて行っており、『安全』で『安心』できる製品づくりと、安定供給の実現に取り組んでおります。　タブレット「Pinky FRESH」につきましては、新しいターゲットの潜在需要喚起に努めております。　製品戦略につきましては、既存事業の構造改革を推進し、製品開発体制の充実による新規カテゴリーの確立を図ります。(2) 海外事業　海外事業につきましては、連結子会社である台湾湖池屋股份有限公司において主に「カラムーチョ」ブランドを集中展開するとともに、2017年９月よりKoikeya Vietnam Co.,Ltd.において初の海外自社工場の稼動を開始しております。また、2018年11月にタイ王国において、スナック菓子の販売活動を目的とし、KOIKEYA（THAILAND）CO.,LTD.を設立いたしました。 　主要な製品ラインアップは、以下のとおりであります。 ポテトスナック 「コイケヤポテトチップス」 1962年発売のロングセラーポテトスナック 「The KOIKEYAシリーズ」 2021年発売のおつまみポテトスナック 「湖池屋プライドポテト」 2017年発売のプレミアムポテトスナック 「じゃがいも心地」 2018年発売の厚切りポテトスナック 「湖池屋ストロング」 2018年発売の濃厚ポテトスナック 「カラムーチョ」 1984年発売のロングセラー辛味系ポテトスナック 「すっぱムーチョ」 1993年発売の酸味系ポテトスナック コーンスナック 「スコーン」 1987年発売のコーンクランチスナック 「ドンタコス」 1994年発売のコーントルティアチップス 「ポリンキー」 1990年発売の網目模様のコーンスナック タブレット 「Pinky FRESH」 2020年発売の乳酸菌ＬＳ１配合の機能性タブレット  
経営方針、経営環境及び対処すべき課題等	１【経営方針、経営環境及び対処すべき課題等】当社グループの経営方針、経営環境及び対処すべき課題等は以下のとおりであります。なお、文中の将来に関する事項は、当連結会計年度末現在において当社グループが判断したものであります。 (1) 会社の経営の基本方針当社は理念を下記のとおり定めております。 ＜企業理念＞①常に安心できる商品を提供し、地球環境、人々の健康、社会的貢献を心掛ける。②独創的で心の満足度の高い商品、サービスを提供する。③独自のブランド戦略の元に、ロングセラー商品を育成していく。④時代に先がけ、変革のスピードを上げ、新しい経営形態を実現する。（マーケティング、販売チャネル、生産システム、組織）⑤世界的視野にたった企業になる。⑥従業員の物心両面の満足を追求する、と同時に関係会社・取引先の経営に適正に貢献する。 当社は、企業理念のもと、事業活動を通じた企業価値の向上を目指しております。また、購買・生産から販売に至るすべての取引先との適正な取引関係を構築することにより、常に『安全』で、『安心』できる製品を供給していくことに注力するとともに、企業活動全般にわたり、リスク管理体制の構築に取り組んでおります。 (2) 目標とする経営指標当社は、連結売上高と連結経常利益を成長を示す最重要指標と考え、同様に連結当期純利益についても配当可能利益を計る指標として重要視しております。また、連結営業キャッシュ・フローの最大化を常に念頭に置いた経営にも注力してまいります。特に国内事業においては競争が厳しいことから特定の経営指標を目標と定めず、上記の指標の向上を追求しております。 (3) 経営環境世界経済に大きな影響を与えた新型コロナウイルス感染症の感染拡大は収束し、消費動向やライフスタイルが変化してきております。これに伴う食の需要の変化に、当社は対応しなければいけないと認識しております。一方でコスト面においては、世界的な原材料価格高騰により、国内外を問わず製造コストを中心に当社の事業コストが大幅に上昇しています。当社の対策としましては、最大限の企業努力は行ったうえで、商品品質の維持・向上のために順次価格改定を行うことで利益確保に努めております。その他、世界の経済・社会情勢がさらに不透明になっており、為替が乱高下するなど、予測が大変難しい経営環境であると認識しております。社会情勢が大きく変化するに伴い、消費者の安全安心・SDGsへの関心の高まり、スナック喫食シーンの変容、流通構造の変化など需要動向の変動が見られます。当社グループでは、こうした変化に対して迅速かつ柔軟に対応を行い、日本の老舗としての安全・安心感や付加価値を提供し、また、独創的な商品を生み出し続けることで、国内外で事業を拡大し、企業価値の向上に努めてまいります。 (4) 対処すべき課題国内食品市場の成熟化、顧客嗜好の多様化に加え、新型コロナウイルス感染流行の収束に伴う消費行動の変化の中で、高付加価値商品の創出と海外での拡販に努めます。また、世界的な物価上昇に対して適正な利益の確保をするため、各種コスト削減の取り組みのほか、必要に応じた商品規格や価格、取引条件の改定に機動的に取り組みます。一方で、継続的な事業拡大のためには主原料である馬鈴薯の安定的な収穫が不可欠ですが、世界的な異常気象の増加により、国内はもとより世界各地で馬鈴薯の不作リスクが続いています。商品の安定供給の観点で、当社主力商品であるポテトチップスの主原料である馬鈴薯調達体制を強化するとともに、ポテトチップス以外の製品での売上と利益の拡大を目指します。加えて、企業活動の公共性が問われる社会情勢にも鑑み、SDGsの取り組みなどを積極的に展開し、責任ある企業として消費者はもとより社会全体から信頼される企業になるべく努めてまいります。上記方針のもと、国内事業と海外事業において以下に記載のとおり課題に取り組みます。 （国内事業）スナック菓子市場の活性化及び差別化された商品の市場拡大を目的として、「The KOIKEYA」、「湖池屋プライドポテト」、「じゃがいも心地」、「湖池屋ストロング」を中心とした高付加価値商品群の拡販に引き続き取り組みます。また、「Afterコロナ」に伴う消費者心理の変化や、食に対する顧客の嗜好多様化に応えるべく、「濃いじゃが」などに続く新機軸商品を、特にポテトチップス以外の領域で開発してまいります。また、世界的なコモディティ価格高騰に対応すべく、戦略的な販売活動、商品設計やSCM体制の効率化によりコスト削減を徹底し、さらには価格を含めて取引条件の見直しに取り組みます。 （海外事業）海外事業においては、「カラムーチョ」や「じゃがいも心地」などのブランドをグローバルブランドとして育成するとともに、各国間で連携を強化しながら、海外事業全体としての売上拡大と利益改善を目指します。台湾事業では、原材料価格高騰などによる利益圧迫に対して主力商品である「カラムーチョ」の価格改定や不採算販促の抑制などの対策を講じます。加えて、ポテト商品としては収益性の高い「じゃがいも心地」や、「黍一番」・「横綱棒」といったコーン・小麦を原料とした商品の拡販を継続し、利益確保に努めます。ベトナム事業では、国内におけるローカルの小売チェーンを中心とした売上拡大のほか、各国への輸出などにより湖池屋グローバルでの戦略的生産拠点として当社グループの事業拡大をはかります。また、引き続きのコストダウンと生産効率の改善、「じゃがいも心地（現地名：GOKOCHI）」ブランドの拡販によって収益性を強化します。タイ事業では、ベトナムからの輸入品も活用して展開商品のバリエーション拡大に加えて、販売チャネルも拡大することで事業のリスクヘッジを行い、堅実な成長を目指します。 
事業等のリスク	３【事業等のリスク】      有価証券報告書に記載した事業の状況、経理の状況等に関する事項のうち、経営者が連結会社の財政状態、経営成　　績及びキャッシュ・フローの状況に重要な影響を与える可能性があると認識している主要なリスクは、以下のとおり　　であります。　　　なお、文中の将来に関する事項は、当連結会計年度末現在において当社グループが判断したものであります。 (1) 食品の安全性について近年、菓子・食品業界におきましては、食品の安全性に対する消費者の関心・要求が更に高まっています。当社グループは「食品衛生法」をはじめとする法令遵守を徹底するとともに、仕入先との連携を密にしながら品質管理体制を強化しております。製造におきましては、食品の安全を担保するためAIB（American Institute of Baking）の「国際検査統合基準」による監査・指導システムを導入し、異物混入対策等に取り組んでおります。更に、食品安全の国際認証であるFSSC22000認証の取得により、食品安全マネジメントシステムを構築し、永続的に安全な商品を提供し続ける仕組み作りを推進しております。しかしながら、当社グループの取り組みの範囲を超える事態が発生した場合や、業界全般にわたる品質問題が発生した場合、当社グループの業績及び財政状態に悪影響を及ぼす可能性があります。また、2002年４月、スウェーデン食品庁がポテトチップス等の食品に発ガン性物質（アクリルアミド）が含まれている旨の調査結果を発表いたしましたが、厚生労働省は同物質が多くの食品に存在するとの調査結果を発表し、様々な食品をバランス良く取るよう推奨しております。当社グループはアクリルアミドの低減対策を推進しており、現在のところ業績及び財政状態に影響はありませんが、今後の菓子・食品業界に影響を及ぼす問題となる可能性があります。 (2) 原材料価格の影響について当社グループの業績及び財政状態に影響を及ぼす要因として、原材料価格の変動があります。穀物相場の上昇は、食用油価格やコーンスナック原料価格の上昇に波及し、原油等のエネルギー相場の高騰は、工場の燃料コストや包装資材価格に影響を及ぼすことがあります。これら原材料価格の高騰を、内部努力で吸収できない場合や、市場の環境によって販売価格に転嫁できない場合には、当社グループの業績及び財政状態に悪影響を及ぼす可能性があります。また、当社の主力製品であるポテトチップスは、加工前の馬鈴薯の輸入が全面的には解禁されていないため、国産原料を使用しております。したがって、国内における馬鈴薯の作況によって原料の供給量が変化することもあります。当社においては、事前の販売予測に沿った需要量を十分に確保するため、仕入先との取引関係を良好に維持するなど、安定的な原料調達に努めております。しかし、予想外の作況不良で原料調達に支障が生じた場合、仕入価格の上昇や、歩留まりの低下による原材料コストの上昇が生じることがあります。 (3) 天候不順・災害等による影響について菓子・食品業界は天候不順や災害の影響を受けることがあります。菓子・食品の売上には季節変動があるものですが、通常は平均気温をもとに販売数量を予測し生産を行います。しかしながら異常気象になると、売上・利益に影響することがあります。当社グループでは、常に天候予測に気を配り、適正な生産及び在庫管理等を行うことで、機会損失を最小限に抑えるよう対策を講じております。しかしながら、上記のような施策を講じているにも関わらず、予想を大きく上回る天候不順等が発生した場合、当社グループの業績及び財政状態に悪影響を及ぼす可能性があります。また、巨大な天災地変等の災害が発生した場合、設備の毀損といった直接的被害に加え、電力・水道の使用制限による社会インフラの低下、仕入先の災害被害による資材の供給不足、物流機能の停滞といった間接的な影響を受ける可能性があります。加えて、新型コロナウイルス等の感染症が発生した場合も、従業員の安全確保と製品の安定供給を社会的責務と考え、在宅勤務環境の整備、オフピーク通勤やオンライン会議推進などに対応するとともに、工場では徹底した衛生管理に基づく適切な対策を講じ、生産体制の確保に努めます。しかしながら、感染拡大等により生産・販売などの事業活動に支障をきたす可能性があります。これらの要因は、当社グループの生産、出荷等の事業活動に与える影響が大きいと予想され、当社グループの業績及び財政状態に悪影響を及ぼす可能性があります。 (4) 海外事業の状況について当社グループは、台湾、ベトナム、タイを含む、世界各国・各地域で事業展開しているため、現地の政治・経済・社会の変化、テロ及び戦争の発生に伴うカントリーリスクが相対的に高くなる可能性があり、当該リスクが発生した場合は、サプライチェーンの遮断、設備の損壊、人員確保や営業継続の困難等により、当社グループの業績及び財政状態に悪影響を及ぼす可能性があります。なお、今般のロシア・ウクライナ情勢については、原材料価格への影響など、今後の事業への影響は多岐にわたる可能性があります。また、現在、世界経済において、新たに発生する可能性のあるカントリーリスクとしては、中国と台湾との間の武力衝突発生の可能性があげられ、万一、このようなリスクが顕在化した際には、台湾を含む世界中の事業活動に影響する可能性があります。 (5) 情報セキュリティについて当社グループは、事業及び業務の効率化を目的として、様々な情報システムを利用しているため、サイバー攻撃や、災害等の不測の事態によるシステム障害及び機密情報の漏洩等が発生した場合は、情報システムの停止、社会的信用の低下及び当該トラブルへの対応を行うための費用負担の発生等、当社グループの業績及び財政状態に悪影響を及ぼす可能性があります。 
経営者による財政状態、経営成績及びキャッシュ・フローの状況の分析	４【経営者による財政状態、経営成績及びキャッシュ・フローの状況の分析】　当連結会計年度における当社グループ（当社、連結子会社及び持分法適用会社）の財政状態、経営成績及びキャッシュ・フロー（以下、「経営成績等」という。）の状況の概要及び経営者の視点による当社グループの経営成績等の状況に関する認識並びに分析・検討内容は次のとおりであります。なお、文中の将来に関する事項は、当連結会計年度末現在において判断したものであります。 (1)経営成績の分析当社は、2021年９月28日開催の第45回定時株主総会で「定款一部変更の件」が承認されたことを受け、決算日を６月30日から３月31日に変更いたしました。このため、前連結会計年度は決算期変更の経過期間となり、決算日が６月30日であった当社は９ヶ月間（2021年７月１日～2022年３月31日）、決算日が３月31日であった在外連結子会社は12ヶ月間（2021年４月１日～2022年３月31日）を連結対象期間とした変則的な決算となっております。このため、前年同期比については記載しておりません。 当連結会計年度は、国内においてはコーン商品等の販売好調などもあり、当社主力商品であるポテトチップスの主要原料である馬鈴薯の不足を補い事業を拡大してまいりました。主産地である北海道産馬鈴薯が入荷して馬鈴薯不足が解消した秋口からは、高付加価値商品群を中心に売上を拡大しました。一方で、世界的な物価上昇と歴史的な円安の影響によりコストが大きく増加しており、価格改定や高付加価値商品群の販売構成拡大などにより、利益確保に努めました。海外においても、馬鈴薯や食用油を中心に原材料価格高騰の影響が国内に比べより強く現れ、特に利益面で計画を大きく下回りました。しかし、タイやベトナムを中心に売上を着実に伸ばしており、戦略的な新製品の上市など事業拡大に努めました。業績は次のとおりです。売上高は、44,574百万円となりました。利益につきましては、営業利益1,774百万円、経常利益1,807百万円、親会社株主に帰属する当期純利益1,164百万円となりました。 セグメント別の業績は以下のとおりです。 ＜国内＞2023年３月期は、「高付加価値商品及び馬鈴薯以外を原料とした商品の売上拡大」「原材料価格高騰による利益圧迫への対応」「関東第三工場及び九州阿蘇工場の最大活用並びに新機軸商品のヒット」を、３つの戦略テーマに据え事業展開を進めてまいりました。当連結会計年度においては、「スコーン」、「ドンタコス」といったコーン商品にて実施した大型リニューアルが奏功し、馬鈴薯以外を原料とした商品の販売構成比が拡大しました。また、「KOIKEYA The 海老」も好評を博し、ポテトチップスに頼りすぎない収益構造への転換に貢献しております。一方、世界的な物価上昇の影響への対策として、取引先様のご理解も賜りながら順次価格改定を進めており、利益維持に努めております。商品戦略としては、高付加価値商品群の継続拡販に取り組みました。「The KOIKEYAシリーズ」においては「KOIKEYA The 海老」や「KOIKEYA The 貝の浜焼き」などの新商品を発売することでブランドの成長を図りました。また、「湖池屋プライドポテト」、「じゃがいも心地」、「湖池屋ストロング」など、それぞれのブランドで継続的に新商品を投入するなど、高付加価値ブランドを中心に販売を組み立てました。2023年３月には「コイケヤポテトチップス」で大型リニューアルを実施し、定番ブランドを刷新することでポテトチップスのコモディティ化脱却を図りました。他方で新機軸商品の開発も継続しております。とうもろこし生地に大豆たんぱく質を練り込み、ベーコンのように仕上げたプラントベース商品である「BECORN（ベーコーン）」や、分食や軽食などの食シーン需要に対して個包装にした「濃いじゃが」を発売するなど、新しいスナック市場の創造へ向けた取り組みを継続しております。以上のとおり、大きなコスト増加の影響がありながらも高付加価値商品群を中心とした経営を進めた結果、国内の売上高は39,647百万円となり、セグメント利益は1,952百万円となりました。  ＜海外＞台湾事業では、台湾国産馬鈴薯の不足や各種原材料価格高騰の影響が、利益を大きく圧迫する要因となっております。こうした中、日本の料亭をイメージした高単価のポテトチップス「料・都・亭」を拡販するなど、台湾においても高付加価値商品を展開した他、カラムーチョなどのリニューアルと価格改定などを実施し、ブランドフォーメーションの整備と利益確保に努めました。特に、商品の価格改定については今後も継続的に実施すべく、準備と商談を進めております。ベトナム事業では、新型コロナウイルスの感染は落ち着き、前連結会計年度と比較して事業活動の制限は解消され、売上は大きく伸長しております。一方で、世界的な各種原材料価格高騰や馬鈴薯不足などの影響を受けて収益面では不安定な状況が続いており、各種コスト削減や商品価格の改定など収益改善に努めております。タイ事業では、ベトナムからの輸入事業の拡大に加えて、従来販路の限られていた地方のスーパーや個人商店へも展開することで売上を拡大しております。一方で、為替変動や海上運賃高騰による原価上昇の影響が大きく、「じゃがいも心地」や「スコーン」といった粗利率の高い商品の拡販とともに、商品規格変更による利益確保の準備を進めております。以上により、海外の売上高は4,926百万円となり、セグメント損失は112百万円となりました。 (2)財政状態の分析(資産)　総資産は、前連結会計年度末に比べ2,483百万円増加し、29,576百万円となりました。主な要因は、現金及び預金の増加（1,143百万円）及び売掛金の増加(1,201百万円)によるものであります。(負債)　負債は、前連結会計年度末に比べ1,516百万円増加し、14,382百万円となりました。主な要因は、買掛金の増加(821百万円）及び未払法人税等の増加(354百万円）によるものであります。(純資産)　純資産は、前連結会計年度末に比べ966百万円増加し、15,194百万円となりました。主な要因は、利益剰余金の増加（924百万円）によるものであります。なお、自己資本比率は50.9％となりました。 (3)キャッシュ・フローの状況の分析　当連結会計年度末における現金及び現金同等物（以下「資金」という。）の残高は、前連結会計年度末に比べて1,143百万円増加し、4,510百万円となりました。　当連結会計年度における各キャッシュ・フローの状況とそれらの要因は次のとおりであります。 （営業活動によるキャッシュ・フロー）　営業活動の結果得られた資金は2,570百万円となりました。これは主に、売上債権の増減額（1,169百万円）等の減少があったものの、税金等調整前当期純利益（1,747百万円）、減価償却費（1,232百万円）及び仕入債務の増減額（790百万円）等の増加があったことによるものであります。 （投資活動によるキャッシュ・フロー）　投資活動の結果使用した資金は655百万円となりました。これは主に、有形固定資産の取得による支出（617百万円）によるものであります。 （財務活動によるキャッシュ・フロー）　財務活動の結果使用した資金は798百万円となりました。これは主に、長期借入金の返済による支出（424百万円）及び配当金の支払額（240百万円）によるものであります。  (4)重要な会計方針及び見積り　当社グループの連結財務諸表は、我が国において一般に公正妥当と認められている会計基準に基づいて作成されております。この連結財務諸表の作成にあたって採用している重要な会計方針につきましては、「第５ 経理の状況１ 連結財務諸表等 (1)　連結財務諸表　注記事項（連結財務諸表作成のための基本となる重要な事項）」に記載しておりますが、次の重要な会計方針が連結財務諸表作成における重要な判断と見積りに大きな影響を及ぼすと考えております。 ①繰延税金資産　当社グループは、繰延税金資産については、将来の課税所得の見込み及び税務計画に基づき、回収可能性を十分に検討し、回収可能な額を計上しております。なお、既に計上した繰延税金資産については、その実現可能性について毎期検討し、内容の見直しを行っておりますが、将来の課税所得の見込みの変化やその他の要因に基づき繰延税金資産の実現可能性の評価が変更された場合、繰延税金資産の取崩又は追加計上により親会社株主に帰属する当期純利益が変動する可能性があります。 ②退職給付費用及び債務　退職給付費用及び債務は、数理計算上で設定される前提条件に基づいて算出されております。これらの前提条件には、割引率、将来の報酬水準、退職率、直近の統計数値に基づいた死亡率等が含まれます。実際の結果が前提条件と異なる場合、または前提条件が変更された場合、その影響は将来にわたって規則的に認識されるため、将来の期間において認識される費用及び計上される債務に影響を及ぼします。 ③固定資産の減損　当社グループが減損損失を認識するかどうかの判定及び使用価値の算定において用いられる将来キャッシュ・フローは、事業計画の前提となった数値を、経営環境などの外部要因に関する情報や直近の経営成績に基づいた情報に修正し、資産グループの現在の使用状況や合理的な使用計画等を考慮し見積っております。当該見積り及び当該仮定について、将来の不確実な経済条件の変動等により見直しが必要となった場合、翌連結会計年度以降の連結財務諸表において減損損失が発生する可能性があります。　なお、Koikeya Vietnam Co.,Ltd.に係る固定資産の減損の詳細につきましては、「第５ 経理の状況　１ 連結財務諸表等 (1)　連結財務諸表　注記事項（重要な会計上の見積り）」に記載しております。 (5)生産、受注及び販売の実績①生産実績当連結会計年度における生産実績をセグメントごとに示すと、次のとおりであります。セグメントの名称当連結会計年度（自　2022年４月１日至　2023年３月31日）前年同期比（％）国内（百万円）50,762－海外（百万円）870－合計（百万円）51,633－(注)　１．金額は販売価格によっております。　２．前連結会計年度は決算期変更の経過期間となり、当社は９ヶ月（2021年７月１日～2022年３月31日）、３月決算の連結子会社は12ヶ月（2021年４月１日～2022年３月31日）を連結対象期間とした変則決算となっているため、前年同期比については記載しておりません。 ②受注実績　　当社グループは、主に販売計画に基づいて生産計画を立てて生産しております。　　　一部の事業において受注生産を行っていますが、受注高及び受注残高の金額に重要性はありません。  ③販売実績当連結会計年度における販売実績をセグメントごとに示すと、次のとおりであります。セグメントの名称当連結会計年度（自　2022年４月１日至　2023年３月31日）前年同期比（％）国内（百万円）39,647－海外（百万円）4,926－合計（百万円）44,574－(注)　１．セグメント間の取引については相殺消去しております。２．前連結会計年度は決算期変更の経過期間となり、当社は９ヶ月（2021年７月１日～2022年３月31日）、３月決算の連結子会社は12ヶ月（2021年４月１日～2022年３月31日）を連結対象期間とした変則決算となっているため、前年同期比については記載しておりません。３．主な相手先別の販売実績及び当該販売実績に対する割合は以下のとおりであります。相手先前連結会計年度（自　2021年７月１日至　2022年３月31日）当連結会計年度（自　2022年４月１日至　2023年３月31日）金額（百万円）割合（％）金額（百万円）割合（％）丸紅㈱5,06616.78,81419.8三菱商事㈱3,39411.25,44112.2 (6)経営者の視点による経営成績等の状況に関する分析・検討内容（経営成績の分析）　当社グループの当連結会計年度の業績は次のとおりです。　売上高は、44,574百万円となりました。　利益につきましては、営業利益1,774百万円、経常利益1,807百万円、親会社株主に帰属する当期純利益1,164百万円となりました。　世界的な物価上昇と歴史的な円安の影響により、原材料価格の高騰などのコストが大きく増加する要因があった一方、国内における高付加価値商品群の継続拡販、馬鈴薯以外を原料とした商品の販売構成比拡大、新機軸商品の開発、海外における各国の収益改善及び利益確保施策等が主な要因となり、好調な売上の推移となりました。 （財政状態の分析）　財政状態の分析につきましては、「４［経営者による財政状態、経営成績及びキャッシュ・フローの状況の分析］(2)財政状態の分析」に記載のとおりであります。 （キャッシュ・フローの状況の分析）　キャッシュ・フローの状況の分析につきましては、「４［経営者による財政状態、経営成績及びキャッシュ・フローの状況の分析］(3)キャッシュ・フローの状況の分析」に記載のとおりであります。 （資本の財源及び資金の流動性）　当社グループにおける資金需要は、主に運転資金、設備投資、配当金の支払いとなります。これら資金需要を満たすため、当社グループでは営業活動から得られるキャッシュ・フローを主たる財源とし安定的な資金確保を行っておりますが、当社グループの戦略として掲げている高付加価値商品の売上拡大、定番商品等の収益改善、新規商材開発を進めるにあたり必要となる設備投資を主とした成長投資等の将来への資金需要に対しては、可能な限り自己資金から充当し、必要に応じて金融機関からの借入による調達を行う方針であります。また、金融機関とは良好な関係を継続しており、当座貸越枠を設定し、機動的な資金確保が行える体制を構築するなど十分な資金の流動性を確保しております。　配当金の支払いにつきましては、株主の皆様への安定した配当を継続するとともにグループの業績に応じた成果の配分を行うことを基本方針としております。 
経営上の重要な契約等	５【経営上の重要な契約等】日清食品ホールディングス株式会社との業務・資本提携契約　当社は、日清食品ホールディングス株式会社（以下、「日清食品ＨＤ」といいます。）との間で、2011年５月11日に業務・資本提携に関する契約を締結し、2012年５月21日に両社の関係をより強固なものとするべく、当該契約を変更しております。本契約に基づき、日清食品ＨＤは、当社の発行済株式総数の20.0％に相当する数の株式を取得いたしました。更に、2014年11月18日に当社の同社に対する第三者割当増資により、同社は当社の発行済株式総数の33.4％に相当する数の株式を取得し、その後の追加取得により同社は当社の発行済株式総数の45.1％に相当する株式を保有しております。　業務提携に関しては、主に以下の内容の相互協力を想定しています。　　A.商品開発およびマーケティングに関する分野B.営業に関する分野C.資材調達機能、生産機能、物流機能などの機能面および安全に関する分野D.海外事業に関する分野E.人的交流 
研究開発活動	６【研究開発活動】当社グループは「湖池屋プライドポテト」、「じゃがいも心地」、「湖池屋ストロング」、「The KOIKEYA」等の高付加価値ブランドを中心として、社会変化・生活変化・意識変化に対応した新市場創造型の商品開発に取り組んでおります。新商品として、若年層を中心に広がる主食と間食の境界線がなくなる“分食化”に対応する次世代型の個包装スナックとして、細切りの国産じゃがいもをアンチョビオリーブの濃厚ソースと一緒に絡め、丸い１枚に整えた高密度ポテトチップス「濃いじゃが アンチョビオリーブ」を発売しました。また、湖池屋ポテトチップス60周年を記念し、減プラスチックへつながる取り組みとしてパッケージの素材に「紙」を使用した「The KOIKEYA」シリーズにおいては、独自の技術を元に海老本来の旨みを贅沢に味わえる「KOIKEYA The海老」を発売しました。既存商品として、「スコーン」では35年目のフルモデルチェンジを実施し、時代の変化にあわせ、本格的で濃厚な味わいはそのままに、生地の食感・味付け・パッケージデザイン等を刷新してリニューアル発売しました。また、地域とともにテーマに取り組み、商品を通じた社会貢献を目指すプロジェクトである「JAPANプライドポテト」においては、海岸清掃活動で回収された海洋プラスチック(ポリタンク)等をリサイクルした再生樹脂を使用した「オーシャンプラスチック買い物かご」を宗像市等に設置したことをはじめ、「宗像」、「小豆島」、「今金」、「金沢」、「熊本」の各展開地域への貢献・振興に沿った企画を実施しました。企業におけるSDGs推進活動の一環として展開するアニメーション湖池屋SDGs劇場「サスとテナ」は、2021年10月より放映を開始し、2022年４月、10月にシーズン２、シーズン３を放映しました。シーズン３においては、SDGsと並んで世界的にも重視されているウェルビーイング（well-being）の観点からも多くのテーマを取り上げたことに加えて、新たにアニメに登場する“SDGs怪獣”を募集する等、お客様とのコミュニケーション企画を実施しました。今後も「食でくらしをゆたかに。」をテーマに、社会に貢献する食のイノベーションの実現に向けた商品・ブランド・コミュニケーションの開発を続けていきます。 当社グループの研究開発費用は事業部門別には区分できず、研究開発活動の成果は、基本的には国内事業部門において反映された後、海外事業に展開しており、当連結会計年度における研究開発費は503百万円であります。 
設備投資等の概要	１【設備投資等の概要】　当連結会計年度の設備投資の総額は、637百万円であります。このうちの主なものは、スナック部門における既存設備の維持・増強を目的とした菓子製造設備更新等の投資によるものです。
主要な設備の状況	２【主要な設備の状況】  当社グループにおける主要な設備は、次のとおりであります。以下、金額には消費税等は含まれておりません(建設仮勘定は除く)。また、従業員数の（　）は、臨時従業員数であり、外書しております。 (1) 提出会社2023年３月31日現在 事業所名（所在地）セグメントの名称設備の内容帳簿価額従業員数（人）建物及び構築物（百万円）機械装置及び運搬具（百万円）工具、器具及び備品（百万円）土地（百万円）(面積千㎡)建設仮勘定（百万円）合計（百万円）本社（東京都　板橋区）国内本社設備2501013339(3)－614149(7)研究開発設備041－(－)－6関東工場他（埼玉県　加須市他）国内食品製造設備50870219388(27)81,62894(135)関東第二工場（埼玉県　加須市）国内食品製造設備54482315538(14)－1,92234(166)関東第三工場（埼玉県　加須市）（注）国内食品製造設備99588136－(－)－1,91412(11)京都工場（京都府　南丹市）国内食品製造設備46594021416(22)01,84399(273)九州阿蘇工場（熊本県上益城郡）国内食品製造設備1,4361,25933510(20)－3,24090(-)北海道支店他（札幌市　北区他）国内営業所設備他2－0－(－)－2141(13) (2) 在外子会社2023年３月31日現在 会社名事業所名（所在地）セグメントの名称設備の内容帳簿価額従業員数（人）建物及び構築物（百万円）機械装置及び運搬具（百万円）工具、器具及び備品（百万円）土地（百万円）(面積千㎡)建設仮勘定（百万円）合計（百万円）Koikeya Vietnam Co.,Ltd.本社・工場（ベトナム　ドンナイ省）海外食品製造設備2262340－(－)－462301(-)（注）関東第三工場の土地は、関東工場他の数値に含めて表示しております。
株式の総数	①【株式の総数】種類発行可能株式総数（株）普通株式8,000,000計8,000,000
発行済株式、株式の総数等	②【発行済株式】種類事業年度末現在発行数（株）（2023年３月31日）提出日現在発行数（株）（2023年６月22日）上場金融商品取引所名又は登録認可金融商品取引業協会名内容普通株式5,335,0005,335,000東京証券取引所スタンダード市場単元株式数100株計5,335,0005,335,000－－  
配当政策	３【配当政策】当社は、株主の皆様に対する利益還元を経営上重要な施策の一つとして位置付けております。利益還元を行うに際しては、安定した配当等を継続するとともにグループの業績に応じた成果の配分を行うことを基本方針としております。具体的には、一定の株主還元割合を考慮した安定的な配当等を行い当社株式の長期保有を促すとともに、各事業年度の企業活動の成果を、事業収益、キャッシュ・フローの状況等を勘案しながら適正に還元することとしております。毎事業年度における配当の回数につきましては、配当事務に係るコスト等を考慮し、現在のところ期末日を基準とする年１回の現金配当を基本方針としております。なお、当社は、「会社法第459条第１項の規定に基づき、取締役会の決議をもって剰余金の配当等を行うことができる。」旨定款に定めております。内部留保資金につきましては、将来における持続的な企業成長と経営環境の変化に対応するため、将来の新製品開発及び新事業の展開、そして財務体質の一層の強化に用いることとし、企業価値の向上及び株主価値の増大に努めてまいります。当事業年度につきましては、業績が堅調に推移したことから、株主の皆様の日頃のご支援にお応えすべく、2023年５月10日付けの取締役会決議に基づき、１株当たり65円の期末配当を行うことといたしました。 　なお、当事業年度に係る剰余金の配当は以下のとおりであります。決議年月日配当金の総額（百万円）１株当たり配当額（円）2023年５月10日34665.0取締役会決議
コーポレート・ガバナンスの概要	（１）【コーポレート・ガバナンスの概要】①コーポレート・ガバナンスに関する基本的な考え方イ．基本的な考え方当社は、創業の精神を受け継ぎ、「企業理念」に基づいて付加価値経営に取り組み、持続的な成長と中長期的な企業価値の創出を目指します。当社の企業価値の源泉は、付加価値経営にあります。１：素材の旨さを引き出す「味」、２：日本の地方素材を全国に届ける「地産全消」、３：スナックの新たな価値である「現代品質」を『湖池屋品質』として磨き、創造する基盤として、透明・公正かつ迅速・果断な意思決定を可能にするコーポレート・ガバナンスの充実が必要不可欠であると考えております。事業活動を遂行するにあたり、経営の効率性を追求する一方で、法令や企業倫理を遵守することを定めた「湖池屋企業行動憲章」の実行に取り組むとともに、透明・公正かつ迅速・果断な意思決定を行う経営体制の構築に努めます。 ロ．企業理念Ⅰ.常に安心できる商品を提供し、地球環境、人々の健康、社会的貢献を心掛ける。Ⅱ.独創的で心の満足度の高い商品、サービスを提供する。Ⅲ.独自のブランド戦略の元に、ロングセラー商品を育成していく。Ⅳ.時代に先がけ、変革のスピードを上げ、新しい経営形態を実現する。（マーケティング、販売チャネル、生産システム、組織）Ⅴ.世界的視野にたった企業になる。Ⅵ.従業員の物心両面の満足を追求する、と同時に関係会社・取引先の経営に適正に貢献する。 ②企業統治の体制の概要及び当該体制を採用する理由イ．企業統治の体制の概要・当社は子会社３社を統合し、2016年10月１日より、新たに「株式会社湖池屋」に商号を変更いたしました。当社グループは、当社と子会社３社により構成され、グループベースでコーポレート・ガバナンスに関する取り組みを行っております。・当社は、取締役会の監査・監督機能を強化し、コーポレート・ガバナンスの一層の充実を図ることにより、企業価値の向上を実現することを目的として、監査等委員会設置会社を採用しております。・当社の取締役会は、以下に記載の取締役８名（監査等委員である取締役３名を含む。）で構成され、会社法及び関係法令で定められた事項並びに経営に関する重要事項（当事業年度における具体的な検討内容は、中長期経営計画、年度予算、人材戦略、財務戦略、子会社管理、内部監査報告等）について、十分に審議したうえで随時意思決定を行っております。当社の事業構造は比較的シンプルであるため、業務と組織運営に精通している少人数の業務執行取締役が、社内外の環境変化にスピーディーに対応すべく意思決定・業務執行を行うことが経営上有効であると判断しており、業務執行取締役は、ビジネスプロセスの機能ごとに分けられた担当において、その専門性を活かしております。また、菓子企業の経営経験を持つ非常勤の取締役はその知識・経験を活かし、業務執行取締役への助言等を通じ、業務執行をサポートしております。 　取締役会は定期的に開催される他、必要に応じて臨時開催されます。当事業年度は10回開催され、個々の取締役の出席状況は次のとおりです。 氏名開催回数出席回数（出席率）小池　孝10回10回（100％）佐藤　章10回10回（100％）濱田　豊志10回10回（100％）藤巻　修道10回10回（100％）浅井　雅司10回10回（100％）松尾　隆10回10回（100％）上平　徹10回９回（90％）千崎　滋子７回６回（85％）　（注）千崎滋子氏は、2022年６月21日開催の定時株主総会において新任の監査等委員である取締役として　　　　　　選任されたため、就任以降に開催された取締役会の回数を記載しております。 ・監査等委員会は、以下に記載の監査等委員である取締役３名で構成されております。当社の監査等委員である取締役３名全員が社外取締役であり、外部からの目による経営監視機能の客観性及び中立性を十分に確保することで、取締役会の監査・監督機能を強化し、コーポレート・ガバナンスの一層の充実を図っております。取締役会においては、各取締役がそれぞれの見地から意見を述べることにより、相互牽制を働かせております。・当社は執行機能の拡充を図ることを目的に執行役員制度を導入しております。取締役会で選任された執行役員は、社内規程等に基づき委嘱された職務権限により、取締役会で決定した会社の方針のもとに業務を執行しております。・当社は取締役及び執行役員からなる経営会議を開催し、グループ経営に関する討議及び決定を行っております。経営会議を通して業務執行取締役と執行役員は、経営課題その他の情報を共有し、迅速かつ的確に業務執行に当たっております。・当社では、代表取締役直轄組織として、内部監査室を設置しており、子会社も含めたすべての部門に対して内部監査を実施しております。・当社は、法律を遵守する公正で誠実な経営を実践するため、コンプライアンス委員会を設置するとともに、企業活動を展開するうえでの行動規範を定めた「湖池屋企業行動憲章」を策定するなど、コンプライアンスの充実に向けた取り組みを積極的に行っております。コンプライアンス委員会は取締役会直属の常設機関であり、委員は当社の取締役及び執行役員の中から選任されます。代表取締役によって委員の中から任命された委員長のもと、当社におけるコンプライアンス活動の方針・施策の審議を行っております。・当社は、消費者に安全で安心な食品を提供するため品質委員会を設置しております。品質委員会は代表取締役を委員長とする常設機関であり、常任委員は生産責任者、商品開発責任者、原料調達責任者、工場代表者から数名が選任されます。品質委員会は、品質に関わるテーマごとに部会を設け、当社の品質保証業務の推進と品質情報の共有化を図っております。 ・機関ごとの構成員（◎は議長、委員長）役職名氏名取締役会経営会議監査等委員会代表取締役会長小池　孝◎◎ 代表取締役社長佐藤　章〇〇 常務取締役濱田　豊志〇〇 取締役藤巻　修道〇〇 取締役浅井　雅司〇〇 監査等委員である社外取締役松尾　隆〇○※1◎監査等委員である社外取締役上平　徹〇○※1〇監査等委員である社外取締役千崎　滋子〇○※1〇執行役員柴田　大祐 ○ 執行役員石井　直二 〇※2 執行役員小泉　純 〇 執行役員大島　広昭 ○ 執行役員白井　秀隆 ○ 執行役員戸田　和幸 ○ 執行役員瀬野　敏昭 ◯ 執行役員竹内　博史 ◯ ※１．議決権のある構成員ではありませんが、出席しております。※２．海外勤務執行役員のため、国内開催の経営会議には不定期出席となります。 ロ．当該体制を採用する理由　当社は、取締役会の監査・監督機能を強化し、コーポレート・ガバナンスの一層の充実を図ることにより、企業価値の向上を実現することを目的として、監査等委員会設置会社を採用しております。当社の監査等委員である取締役３名全員を社外取締役として選任することで、取締役会の監査・監督機能を強化するとともに、外部からの目による経営監視機能の客観性及び中立性を十分に確保しております。　なお、提出日現在における当社のコーポレート・ガバナンス体制の概要図は以下のとおりであります。   ③企業統治に関するその他の事項イ．内部統制システムの整備の状況・当社は、2007年８月21日開催の取締役会において、内部統制システム構築の基本方針を決議しております（2008年６月20日、2015年６月18日、2015年９月29日、2016年９月28日及び2021年１月26日の取締役会において一部改訂）。・当社は、経営会議において、各事業の業務執行を担っている担当役員から適宜に業務の進捗状況報告が行われ、当社の取締役会で決定された経営方針に基づいて運営がなされているかどうか検証する体制を構築しております。ロ．リスク管理体制の整備の状況当社グループでは、当社グループを取り巻くリスクを把握し、これらに対して迅速かつ適切に対処するため、リスク管理委員会を設置しております。リスク管理委員会は、リスク管理に関する方針、体制及び対策の検討を行うとともに、当社グループに重大な影響を与える不測の事態が発生した場合に備えたリスク管理計画の策定及び運用に関する事項を整備し、損害を最小限度にとどめるために必要な対応を行っております。ハ．子会社の業務の適正を確保するための体制整備の状況当社では、子会社の経営管理について、関係会社管理規程に基づき、当社代表取締役が子会社を統括しております。また、経営会議にて、子会社管理に関する討議及び決定を行うとともに、定期的に子会社より報告を受けることで当社の子会社の業務の適正の確保に努めております。ニ．責任限定契約の概要当社は、会社法第427条第１項の規定により、取締役（業務執行取締役等である者を除く。以下「非業務執行取締役」という。）との間に、任務を怠ったことによる損害賠償責任を限定する契約を締結することができる旨定款に定めております。当該契約に基づく責任の限度額は、法令が規定する最低責任限度額としております。なお、当社と非業務執行取締役とは、会社法第427条第１項及び定款第28条第２項の規定に基づき、同法第423条第１項の損害賠償責任を限定する契約を締結しております。当該契約に基づく損害賠償責任の限度額は、会社法第425条第１項に定める最低責任限度額であります。なお、当該責任限定が認められるのは、当該非業務執行取締役が責任の原因となった職務の遂行について善意かつ重大な過失がないときに限られます。 ホ．役員等賠償責任保険契約の内容の概要当社は役員等が職務を遂行するにあたり、期待される役割を十分に発揮できるようにするとともに、有用な人材を迎え入れることができるよう、取締役、執行役員全員及び管理職従業員等を被保険者として、会社法第430条の３第１項に規定する役員等賠償責任保険契約を締結しておりましたが、2022年１月１日付けの更新に際して、いわゆるラン・オフ特約（同日以降に不当な行為がなされた場合の損害賠償請求に対しては、保険金が支払われない旨の特約）の付された当該保険契約を締結いたしました。なお、同日以降の不当な行為に基づく損害賠償請求に関しては、当社は、同日付けで親会社である日清食品ホールディングス株式会社が締結する役員等賠償責任保険契約の記名子会社となり、当社の取締役、執行役員全員及び管理職従業員等は当該保険契約の被保険者に含まれております。上記いずれの保険契約においても、被保険者がその職務の遂行に関し責任を負うこと、又は当該責任の追及に係る請求を受けることによって生ずる損害について填補することとされています。ただし法令違反のあることを認識して行った行為に起因して生じた損害は填補されない等、一定の免責事由があります。ヘ．取締役の定数当社の取締役は30名以内（うち監査等委員である取締役は７名以内）にする旨定款に定めております。ト．取締役の選任の決議要件当社は、取締役の選任決議について、議決権を行使することができる株主の議決権の３分の１以上を有する株主が出席し、その議決権の過半数をもって行う旨定款に定めております。また、取締役の選任決議は、累積投票によらないものとする旨定款に定めております。チ．取締役会にて決議できる株主総会決議事項・当社は、剰余金の配当等、会社法第459条第１項各号に定める事項について、法令に別段の定めがある場合を除き、株主総会の決議によらず取締役会の決議により定めることができる旨定款に定めております。これは、剰余金の配当等の決定を取締役会の権限とすることにより、機動的な資本政策及び配当政策を図ることを目的とするものであります。・当社は、会社法第165条第２項の規定により、取締役会の決議によって市場取引等により自己の株式を取得することができる旨定款に定めております。これは、経済情勢の変化に対応して、資本政策を機動的に実施することを目的とするものであります。・当社は、会社法第426条第１項の規定により、任務を怠ったことによる取締役（取締役であった者を含む。）の損害賠償責任を、取締役会の決議によって法令の限度において免除することができる旨定款に定めております。これは、取締役が期待される役割を十分に発揮することを目的とするものであります。リ．株主総会の特別決議要件当社は、会社法第309条第２項に定める株主総会の特別決議要件について、議決権を行使することができる株主の議決権の３分の１以上を有する株主が出席し、その議決権の３分の２以上をもって行う旨定款に定めております。これは、株主総会における特別決議の定足数を緩和することにより、株主総会の円滑な運営を行うことを目的とするものであります。ヌ．支配株主との取引等を行う際における少数株主の保護の方策に関する指針当社は、親会社である日清食品ホールディングス株式会社及びそのグループ会社（以下総称して「日清食品グループ」といいます。）と協力関係を保ちながら商品開発や事業展開を行っております。日清食品グループとの取引については、事業上の必要性があること、当社と資本関係等を有しない第三者との取引に比べて不当に有利・不利ではないことや、利益または損失・リスクの移転を目的とする取引ではないことなど、取引条件の妥当性を担保し、公正で透明な取引を行うことを基本方針としております。　また、当社は、日清食品グループとの取引を行うに際して、事前に当該取引の適正性等を独立社外取締役を含む取締役会で審議したうえで決議するなどし、又は、独立社外取締役を含む監査等委員会において検証しており、当社の利益及び少数株主の利益を害しないことを確認しております。更に、当該取引のうち重要なものについては、独立社外取締役を含む独立性を有する者で構成された親会社グループ間取引諮問委員会を設置し、当該委員会において検証いたします。 
役員の状況	（２）【役員の状況】①　役員一覧男性7名　女性1名　（役員のうち女性の比率12.5％）役職名氏名生年月日略歴任期所有株式数（株）取締役会長(代表取締役)小池　孝1956年８月６日1980年10月㈱湖池屋入社1981年７月同社取締役1986年７月同社専務取締役1991年７月同社取締役副社長1995年３月同社代表取締役社長  11月当社代表取締役社長 ㈲アシト取締役社長2002年６月フレンテ㈱代表取締役社長2005年４月㈱湖池屋代表取締役会長 ㈱アシスト代表取締役会長2016年９月当社代表取締役会長（現任）2017年６月日清シスコ㈱非常勤取締役（現任）2018年４月台湾湖池屋股份有限公司董事長　(注)３372,735取締役社長(代表取締役)佐藤　章1959年６月27日1982年４月キリンビール㈱入社1990年３月同社ビール事業本部商品企画部主任1997年６月キリンビバレッジ㈱商品企画部部長代理2008年３月キリンビール㈱営業本部マーケティング部長2011年３月同社九州統括本部長2012年１月キリンビールマーケティング㈱執行役員九州統括本部長2014年３月キリンビバレッジ㈱代表取締役社長2015年３月キリン㈱取締役常務執行役員2016年５月当社執行役員マーケティング担当日清食品ホールディングス㈱執行役員  ７月㈱湖池屋取締役副社長  ９月当社代表取締役社長（現任）2021年４月日清食品ホールディングス㈱常務執行役員（現任）　(注)３－常務取締役営業本部長濱田　豊志1969年10月24日1997年６月㈱湖池屋入社2002年３月同社大阪量販課マネージャー2007年１月同社営業本部統括部長2015年７月同社営業本部副本部長2016年１月同社執行役員10月当社執行役員 当社営業本部長（現任）2019年９月当社取締役2023年６月当社常務取締役（現任）　(注)３1,600   役職名氏名生年月日略歴任期所有株式数（株）取締役経営管理本部長海外事業本部長藤巻　修道1976年10月７日2001年６月アクセンチュア㈱入社2006年９月同社戦略グループマネジャー2009年１月エムスリー㈱入社2011年４月㈱ＴＡＳＡＫＩ入社同社経営戦略部シニアマネージャー2013年５月同社管理本部アソシエイトディレクター2014年12月日清食品ホールディングス㈱入社同社経営企画部マネジャー2016年10月当社出向当社経営戦略部長（現任）2019年７月当社執行役員当社経営管理本部長（現任）当社海外事業本部長（現任）９月当社取締役（現任）　(注)３－取締役浅井　雅司1965年５月14日1991年４月日清食品㈱入社2016年３月同社営業本部中国支店長2019年３月同社営業本部大阪営業部長 2020年３月同社営業副本部長西日本統括2021年４月日清シスコ㈱代表取締役社長（現任）2021年９月2022年４月当社取締役（現任）日清食品ホールディングス㈱執行役員（現任）　(注)３－取締役（常勤監査等委員） 松尾　隆1961年７月26日1984年４月㈱富士銀行（現㈱みずほ銀行）入行2007年１月㈱みずほ銀行長野支店長2010年４月同行荻窪支店長2012年４月同行業務監査部監査主任2014年２月同行金融法人第一部付参事役㈱ゆうちょ銀行出向2014年７月㈱みずほフィナンシャルグループグループ人事部付参事役みずほビジネスパートナー㈱出向　　　11月みずほビジネスパートナー㈱常務取締役2021年９月当社取締役（監査等委員）（現任）　(注)４－取締役（監査等委員）上平　徹1957年８月１日1982年９月等松青木監査法人（現　有限責任監査法人トーマツ）入所1990年３月同所退職 上平会計事務所開設2000年６月日本精糖㈱（現　フジ日本精糖㈱）社外監査役（現任）(注)６2002年９月当社監査役2015年９月当社取締役（監査等委員）（現任）　(注)４－   役職名氏名生年月日略歴任期所有株式数（株）取締役（監査等委員）千崎　滋子1957年８月４日1980年４月オリエント・リース㈱（現オリックス㈱）入社1986年２月アンダーソン・毛利・ラビノウィッツ法律事務所（現アンダーソン・毛利・友常法律事務所）入所1990年10月監査法人トーマツ（現有限責任監査法人トーマツ）入所1994年３月公認会計士登録（現任）1997年８月千崎滋子公認会計士事務所代表2009年８月日本公認会計士協会業務本部主任研究員2010年８月同協会自主規制・業務本部2013年８月 千崎滋子公認会計士事務所代表（復職・現任）2019年６月東邦チタニウム㈱社外監査役2020年６月同社監査等委員である社外取締役（現任）2022年６月当社取締役（監査等委員）（現任）　(注)５－計374,335 (注)　１．松尾隆、上平徹、千崎滋子は、社外取締役であります。　　　２．当社の監査等委員会については次のとおりであります。　　　　　委員長　松尾隆、委員　上平徹、委員　千崎滋子３．2023年６月21日開催の定時株主総会の終結の時から１年間４．2023年６月21日開催の定時株主総会の終結の時から２年間５．2022年６月21日開催の定時株主総会の終結の時から２年間６．上平徹氏は現在フジ日本精糖株式会社の社外監査役でありますが、2023年６月23日開催予定の同社定時株主総会終結の時をもって退任する予定であります。７．当社は、執行役員制度を導入しております。執行役員は以下の８名であります。役　名職　名氏　名執行役員（※）生産本部長柴田大祐執行役員Koikeya Vietnam Co.,Ltd. 会長兼社長石井直二執行役員営業本部副本部長小泉　純執行役員経理部長大島広昭執行役員マーケティング本部副本部長白井秀隆執行役員ＳＣＭ統括部長、購買部長戸田和幸執行役員生産統括部長瀬野敏昭執行役員人事総務本部長竹内博史（※）　2023年７月１日付で常務執行役員に就任する予定であります。 ②　社外役員の状況　当社の社外役員は、監査等委員である社外取締役３名であります。　監査等委員である社外取締役３名と当社グループとの間には、人的関係、資本的関係又は取引関係その他の利害関係はありません。監査等委員である社外取締役３名は、独立した立場からの監督機能及び役割を果たしており、その選任にあたっては、独立性や専門性を重視することとしております。独立性に関する基準又は方針については特別定めておりませんが、選任にあたっては東京証券取引所が定める独立役員に関する独立性判断基準等を参照し、一般株主と利益相反が生じるおそれがないよう留意しております。　松尾隆氏を監査等委員である社外取締役として選任した理由は、長年金融業界において培われた知識や経験を有しており、これらを当社の監査等委員である社外取締役として活かしていただくことを期待したためであります。　上平徹氏を監査等委員である社外取締役として選任した理由は、公認会計士としての高度な専門知識を有しており、これらを当社の監査等委員である社外取締役として活かしていただくことを期待したためであります。また、同氏は、社外役員となること以外に会社経営に関与された経験はありませんが、上記の理由並びに当社での監査役及び監査等委員である取締役としての実績から、職務を適切に遂行していただけるものと判断しております。　千崎滋子氏を監査等委員である社外取締役として選任した理由は、公認会計士として、会計監査、内部統制及び社内管理体制の構築等の業務に携わった経験と知識を有しており、これらの経験と知識や女性取締役としての多様な視点を当社の監査等委員である社外取締役として活かしていただくことを期待したためであります。また、同氏は、社外役員となること以外に会社経営に関与された経験はありませんが、上記の理由並びに他社での監査役及び監査等委員である取締役としての実績から、職務を適切に遂行していただけるものと判断しております。　なお、当社は、社外取締役松尾隆氏、同上平徹氏及び同千崎滋子氏を東京証券取引所の定めに基づく独立役員として指定し、同取引所に届け出ております。 ③　社外取締役による監督又は監査と内部監査、監査等委員会による監査及び会計監査との相互連携並びに内部統制部門との関係　当社の社外取締役３名は、いずれも監査等委員であり、取締役会や、当社の取締役及び執行役員からなる経営会議等の重要な会議に出席するとともに、監査等委員会として、内部監査室や会計監査人と緊密に連携することで、三様監査の立場から監査等委員会の監査の成果を高めております。また、監査等委員である社外取締役は、稟議書類等業務執行に係る重要な文書を閲覧し、必要に応じ取締役及び使用人に説明を求め、監査等委員会の監査の実効性の向上を図っております。　また、当社グループは、財務報告に係る内部統制に対応するため内部統制プロジェクトを立ち上げ、現在は内部統制事務局として運営しております。内部統制事務局は、内部監査室、総務部、経理部を中心とした記述書作成部門・評価実施部門及び主要な業務プロセスの部門責任者から構成され、事務局の検討内容や進捗状況は監査等委員である社外取締役も出席する経営会議に適宜報告されております。また、必要に応じ監査等委員である社外取締役に報告される体制をとっております。会議では積極的な意見交換がなされており、適正な財務報告作成に向けた統制環境の整備・運用に努めております。また、内部統制事務局は、随時会計監査人と会合を設け、事務局の検討内容や進捗状況に関する意見交換を積極的に行っております。 
貸借対照表	①【貸借対照表】   (単位：百万円) 前事業年度(2022年３月31日)当事業年度(2023年３月31日)資産の部  流動資産  現金及び預金2,9144,054受取手形1123売掛金※１ 6,467※１ 7,636商品及び製品8731,276仕掛品1151原材料及び貯蔵品462680前払費用※１ 115※１ 105１年内回収予定の関係会社長期貸付金－※１ 46その他※１ 328※１ 295貸倒引当金△1△1流動資産合計11,18314,168固定資産  有形固定資産  建物※２ 3,812※２ 3,699構築物543505機械及び装置※２ 4,918※２ 4,609車両運搬具1713工具、器具及び備品147141土地2,1702,193建設仮勘定678有形固定資産合計11,67711,172無形固定資産  商標権10ソフトウエア203133その他2117無形固定資産合計226152投資その他の資産  投資有価証券250250関係会社株式188188出資金00関係会社出資金662831関係会社長期貸付金44－長期前払費用618繰延税金資産1,1251,193その他174181投資その他の資産合計2,4532,665固定資産合計14,35713,990資産合計25,54028,158    (単位：百万円) 前事業年度(2022年３月31日)当事業年度(2023年３月31日)負債の部  流動負債  買掛金※１ 2,799※１ 3,564短期借入金500500リース債務4544未払金※１ 1,504※１ 1,758未払費用257306未払法人税等106512返金負債2,1092,319前受金00預り金1921賞与引当金309341その他424648流動負債合計8,07610,016固定負債  長期借入金1,170746リース債務281232退職給付引当金1,7471,779長期未払金328325その他00固定負債合計3,5273,083負債合計11,60413,100純資産の部  株主資本  資本金2,2692,269資本剰余金  資本準備金563563その他資本剰余金6,2686,268資本剰余金合計6,8326,832利益剰余金  利益準備金33その他利益剰余金  繰越利益剰余金4,8245,945利益剰余金合計4,8285,949自己株式△2△3株主資本合計13,92715,048評価・換算差額等  その他有価証券評価差額金99評価・換算差額等合計99純資産合計13,93615,058負債純資産合計25,54028,158
損益計算書	②【損益計算書】   (単位：百万円) 前事業年度(自　2021年７月１日　至　2022年３月31日)当事業年度(自　2022年４月１日　至　2023年３月31日)売上高※１,※２ 26,119※１,※２ 39,749売上原価※１ 17,603※１ 27,172売上総利益8,51612,577販売費及び一般管理費※１,※３ 7,503※１,※３ 10,625営業利益1,0131,952営業外収益  受取配当金09補助金収入3613その他※１ 16※１ 8営業外収益合計5331営業外費用  支払利息44固定資産除却損19その他02営業外費用合計515経常利益1,0601,967特別利益  補助金収入※４ 100－特別利益合計100－特別損失  固定資産圧縮損※４ 100－関係会社出資金評価損※５ 1,210－特別損失合計1,310－税引前当期純利益又は税引前当期純損失（△）△1491,967法人税、住民税及び事業税337674法人税等調整額△92△68法人税等合計245606当期純利益又は当期純損失（△）△3951,361
キャッシュ・フロー計算書	
