項目	値
事業の内容	３【事業の内容】　当社及び当社の関係会社（連結子会社143社，持分法適用関連会社28社（2024年３月31日現在））においては，資源・エネルギー・環境，社会基盤，産業システム・汎用機械及び航空・宇宙・防衛の４つの事業を主として行なっており，その製品は多岐にわたっています。各事業の主な事業内容及びグループ各社の位置付け等は次のとおりです。　なお，次の４事業は第５「経理の状況」１連結財務諸表等（１）連結財務諸表注記「６．セグメント情報」に記載の報告セグメントの区分と同一です。 （資源・エネルギー・環境）　当事業においては，原動機（陸用原動機プラント，舶用原動機），カーボンソリューション（ボイラ，貯蔵設備），原子力（原子力機器）等の製造，販売，サービスの提供等を行なっています。[主な関係会社]㈱ＩＨＩプラント，寿鉄工㈱，㈱ＩＨＩ原動機（注①），ニコ精密機器㈱，青森プラント㈱，JURONG ENGINEERING LIMITED及びその子会社19社（注②），ISHI POWER SDN.BHD.，PT IHI POWER SERVICE INDONESIA，NIIGATA POWER SYSTEMS（SINGAPORE）PTE. LTD.，IHI E&amp;C International Corporation及びその子会社１社，IHI POWER SYSTEM MALAYSIA SDN.BHD.，Steinmüller Engineering GmbH及びその子会社１社，IHI Power System（Thailand）Co.,Ltd.，IHI Power Generation Corporation及びその子会社４社，IHI SOLID BIOMASS MALAYSIA SDN.BHD.，IHI Terrasun Solutions Inc.，IHI Energy Solutions Inc.,他１社 （社会基盤）　当事業においては，橋梁・水門，交通システム，シールドシステム，コンクリート建材，都市開発（不動産販売・賃貸）等の製造，販売，サービスの提供等を行なっています。なお当連結会計年度より，セグメント名称を「社会基盤・海洋」から「社会基盤」へ変更しています。[主な関係会社]㈱ＩＨＩインフラシステム，㈱ＩＨＩインフラ建設，㈱ＩＨＩ建材工業，ジャパントンネルシステムズ㈱，㈱三越，新潟トランシス㈱，ＪＩＭテクノロジー㈱，IHI INFRASTRUCTURE ASIA CO.,LTD.，IHI California Inc.，I&amp;H Engineering Co.,Ltd.，Terratec Limited及びその子会社４社 （産業システム・汎用機械）　当事業においては，車両過給機，パーキング，回転機械（圧縮機，分離装置，舶用過給機），熱・表面処理，運搬機械，物流・産業システム（物流システム，産業機械）等の製造，販売，サービスの提供等を行なっています。[主な関係会社]ＩＨＩ運搬機械㈱，㈱ＩＨＩ扶桑エンジニアリング，西日本設計㈱，㈱ＩＨＩ機械システム，㈱ＩＨＩフォイトペーパーテクノロジー，㈱ＩＨＩ物流産業システム，セントラルコンベヤー㈱，㈱ＩＨＩ回転機械エンジニアリング，㈱ＩＨＩターボ，㈱ＩＨＩアグリテック，㈱ＩＨＩターボサービス，㈱ＩＨＩ汎用ボイラ，㈱ＩＨＩ回転機械製造IHI Hauzer Techno Coating B.V.及びその子会社５社，IHI Press Technology America,Inc.，Indigo TopCo Limited及びその子会社22社，IHI Charging Systems International GmbH及びその子会社２社，ＩＨＩ寿力圧縮技術（蘇州）有限公司，長春富奥石川島過給機有限公司及びその子会社１社，IHI Turbo America Co.，IHI TURBO（THAILAND）CO.,LTD.，IHI VTN GmbH及びその子会社３社，台灣石川島運搬機械股份有限公司，江蘇石川島豊東真空技術有限公司，IHI DALGAKIRAN MAKINA SANAYI VE TICARET A.S.，IHI ASIA PACIFIC（Thailand）CO.,LTD.石川島寿力回転科技製造(蘇州)有限公司 （航空・宇宙・防衛）　当事業においては，航空エンジン，ロケットシステム・宇宙利用，防衛機器システム等の製造，販売，サービスの提供等を行なっています。[主な関係会社]㈱ＩＨＩエアロスペース，㈱ＩＨＩエアロスペース・エンジニアリング，㈱ＩＨＩエアロマニュファクチャリング，㈱ＩＨＩキャスティングス，㈱ＩＨＩジェットサービス，㈱ＩＨＩマスターメタル，㈱アイ・エヌ・シー・エンジニアリング，明星電気㈱，IHI‐ICR,LLC.，IHI Aero Engines US Co.,Ltd. （その他）　当事業においては，通信，電子，電気計測，情報処理などの機器・装置等の製造，販売，サービスの提供等並びにサービス業を行なっています。[主な関係会社]㈱ＩＨＩエスキューブ，㈱ＩＨＩトレーディング，㈱ＩＨＩビジネスサポート，㈱ＩＨＩ検査計測，高嶋技研㈱，豊洲エネルギーサービス㈱，そうまＩグリッド(同)，IHI do Brasil Representações Ltda.，IHI ENGINEERING AUSTRALIA PTY.LTD.，IHI Europe Ltd.，IHI INC.，石川島（上海）管理有限公司，IHI ASIA PACIFIC PTE.LTD.，IHI Americas Inc.，IHI（CANADA）LTD.（注③）  （注）①. ㈱ⅠＨＩ原動機の子会社１社は，株式を譲渡したことに伴い当社の関係会社ではなくなりました。　　　 ②. JURONG ENGINEERING LIMITED（資源・エネルギー・環境）の子会社１社は，商号変更しました。　　　 ③. ALPHA Automotive Technologies LLCは，株式を譲渡したことに伴い当社の関係会社ではなくなりました。  ［主な関係会社及び事業系統］各事業における当社及び主な関係会社の位置付けは，次のとおりです。 ※セグメントを構成する連結子会社を，上表に記載しています。なお，各連結子会社のセグメントにおいて果たす機能について，製造・販売・エンジニアリング・据付・サービスの５つに分類して表示しています。※複数の機能を果たす子会社の場合，その機能を並べて表示できない会社については，会社名の右横に≪製≫　≪販≫≪エ≫≪据≫≪サ≫として表示しています。※上表の連結子会社は，2024年３月31日現在のものです。 
経営方針、経営環境及び対処すべき課題等	１【経営方針，経営環境及び対処すべき課題等】当社グループの経営方針，経営環境及び対処すべき課題等は，以下のとおりです。なお，文中の将来に関する事項は，当連結会計年度末現在において当社グループが判断したものです。 （１）会社の経営の基本方針当社グループは，社会とともに発展するよき企業市民であることを第一義とし「技術をもって社会の発展に貢献する」，「人材こそが最大かつ唯一の財産である」との経営理念のもと，「自然と技術が調和する社会を創る」ことを将来のありたい姿とするESG経営を推進しています。人権を尊重し，多様な人財が活躍する企業風土を原動力として，事業活動を通じて気候変動問題を解決することで，サステナブルな社会の実現を目指していきます。 （２）会社の経営戦略及び経営指標当社グループは，2023年度を初年度とする３か年の中期経営計画「グループ経営方針2023」に基づき，持続的な高成長を実現する事業変革をより具体的かつ本格的に進めると同時に，劇的な環境変化へ対応可能な企業体質への変革を加速していきます。 「グループ経営方針2023」の取り組み，経営目標 　①　持続的な高成長を実現する事業の変革事業を通じて社会課題を解決し，社会と当社グループの持続的な高成長を両立するためには，お客さま事業のライフサイクルを通じた価値の提供と，バリューチェーン全体を構築することによる価値の向上が重要となります。「グループ経営方針2023」では，事業を次の３つに区分し，いずれについてもライフサイクルとバリューチェーンを強く意識しながら取り組んでいきます。 a. 成長事業：航空エンジン・ロケット分野航空エンジン・ロケット分野は，当社グループの成長を牽引する事業と位置付けました。航空旅客需要増加に伴う民間向け航空エンジン事業の拡大を基盤としつつ，防衛力の抜本的強化の政府方針を受けて防衛事業を拡大させると共に，長期的な成長ドライバーとして宇宙事業を推進することで，持続的な成長を目指します。カーボンニュートラルに向けた電動化・水素推進の技術開発や，民間・防衛における技術・経験のシナジーによる新たな事業創出にも取り組んでいきます。b. 育成事業：クリーンエネルギー分野クリーンエネルギー分野は，航空エンジン・ロケット分野と双璧をなし，当社グループの成長を牽引する事業に育成すべく取り組んでいきます。当社グループはアンモニアの燃焼技術において世界をリードする位置にありますが，今後は，貯蔵や輸送も含めたアンモニアバリューチェーン全体を構築し価値向上を図ることで，社会やお客さまに貢献できるように努めます。また，燃料製造プロジェクトへの投資など，新たなビジネスモデルの構築にも取り組んでいきます。c. 中核事業資源・エネルギー・環境，社会基盤，産業システム・汎用機械分野は，引き続き当社グループの中核を担う事業と位置付けました。これらの事業は，これまでのビジネスの延長ではなく，お客さまのライフサイクルにより深く入り込み，そこから得られた知見をフィードバックすることで，さらに進化した製品・サービスをお客さまに提供していきます。また，成長事業及び育成事業に対して投下するキャッシュや人財などの経営資源を捻出するために，業務プロセスの改革やデジタル基盤の活用による業務効率化とともに，事業の見直しも進めていきます。 　②　環境変化への対応，変革を実現しうる企業体質への変革当社グループは，ESGを軸とする経営を徹底するとともに，事業変革のために不可欠な情報デジタル基盤の高度化，そして企業体質の変革を成し遂げる上で最も重要である変革人財の育成・獲得を積極的に進めていきます。 　③　資源配分と経営目標成長・育成事業へ経営資源を大胆にシフトし，投資を実行していきます。また，安定配当を基本方針として連結配当性向30％を目指します。 財務目標2025年度ROIC(税引後)８％以上営業利益率7.5％CCC100日(参考) 売上収益17,000億円（注）各指標の算出方法は次のとおりです。　・ROIC　　：（１－法定実効税率）×（営業利益＋受取利息＋受取配当金）　　　÷（親会社の所有者に帰属する持分＋有利子負債の金額）　・CCC 　　：運転資本÷売上収益×365日　・運転資本：営業債権＋契約資産＋棚卸資産＋前払金－契約負債－営業債務－返金負債  （３）会社の対処すべき課題＜短期的な課題＞2024年４月24日に公表のとおり，当社の子会社である株式会社ＩＨＩ原動機において，同社が製造する船舶用エンジン及び陸上用エンジンの試運転記録に不適切な修正が行なわれていたことが判明しました。本件について，当社は弁護士をはじめとした外部有識者で構成される特別調査委員会を設置して，原因究明及び再発防止策の策定に取り組むとともに，当社グループにおける類似の事象の有無についてあらためて点検を行なっています。当社は，2019年に当社瑞穂工場にて発生した民間航空機エンジン整備事業における不適切な検査事案を受けて，グループをあげて再発防止に取り組んできましたが，再びこのような事態を招いたことから，これまでの取組みが不十分であったと言わざるを得ないものと考えています。当社グループは，関係するすべてのステークホルダーの皆さまからの信頼を早期に回復するべく，コンプライアンス意識の再徹底及び組織風土の改善並びに同様の事案を二度と起こさない仕組みづくりに，グループ一丸となって取り組んでいく所存です。 また，当社グループは，当連結会計年度において出荷済みのPW1100G-JMエンジンに関する追加検査プログラムの影響による損失の計上がありましたが，成長・育成事業に重点的に投資配分していく方針に変更はなく，費用の削減や投資の優先順位の見直しなどを進めると同時に，投資原資を確保するために営業キャッシュ・フローの強化に取り組みます。同時に，事業ポートフォリオ改革や資産売却等を通じて自己資本の増加を図り，財務体質を強化していきます。  ＜長期的な課題＞　ESG経営 当社グループは，自然と技術が調和する社会を創るために，取り組むべき社会課題を「脱CO₂の実現」，「防災・減災の実現」，「暮らしの豊かさの実現」としています。地球規模で問題となっている気候変動への対策として，温室効果ガスの排出量を減らす「緩和」と，その影響に備えて被害を軽減する「適応」に取り組み，暮らしの豊かさを実現していきます。 ・社会課題の解決当社グループは，2050年までに，バリューチェーン全体で，カーボンニュートラルを実現することを宣言しました。自社の事業活動によって直接・間接に排出される温室効果ガス（Scope１・２）だけでなく，私たちの上流及び下流のプロセスで排出される温室効果ガス（Scope３）の削減に取り組み，カーボンニュートラルを目指します。具体的には，既存技術を活用した「トランジション」と，新しい技術による「トランスフォーメーション」の２段階で取り組んでいきます。また，自然災害に強く経済的なインフラ整備と，センシング・モニタリング技術を活用したインフラ管理システムの構築を進め，安心・安全で暮らしやすいコミュニティの実現を目指します。 ・人権の尊重当社グループは，「ＩＨＩグループ基本行動指針」において，地球的課題を意識し，あらゆるステークホルダーの期待に応えるために私たちがなすべきことを定めています。この指針に基づき，2020年12月に「ＩＨＩグループ人権方針」を定めました。国際規範に基づく人権啓発活動を通じて，人権を尊重する企業文化の醸成と事業活動全般にわたる人権尊重の取組みを推進することで，あらゆる人びとに対する人権尊重の責任を積極的に果たしていきます。また，サプライチェーンにおいても，取引先と協働して社会的責任を果たしていくCSR調達に取り組むことを，「ＩＨＩグループ調達基本方針」に定めました。バリューチェーンを通じて，事業活動によるステークホルダー・ライツホルダーに対する負の影響を予防・低減し，すべての人の豊かな生活を実現するために取り組みます。  ・多様な人財の活躍持続可能な社会を実現するには，多様性を受け入れ，環境の変化を的確に把握し対応することが必要です。社会の発展に貢献するという経営理念や，自然と調和した社会を創るという目指す姿を，社員一人ひとりが理解し，企業としての使命を自覚することが必要です。会社と社員が，お互いの成長に貢献し合う関係性を保ちながら，個人と組織のベクトルを合わせていくことが重要であると考えています。また，当社グループは，人財の多様性を尊重し受け入れる「ダイバーシティ，エクイティ＆インクルージョン」を重要な価値観とし，多様なバックグラウンド・多様な経験・異なる視点を持った多様な人財が活躍できる環境を整備していきます。また，社員一人ひとりがより幅広い視野・経験を身に着けるための制度の拡充や，さまざまな機会提供を行なっていきます。 ・ステークホルダーからの信頼の獲得事業を通じて社会課題を解決し，企業価値を高めるためには，グループが本来有する力を最大限に発揮できるよう基盤を築くこと，また，あらゆるステークホルダーとの積極的な対話を行なうことが重要であると考えています。 
事業等のリスク	３【事業等のリスク】（１）リスク管理に関する当社グループの基本方針当社グループでは，リスク管理を経営の最重要課題の一つととらえ，グループ全体で強化に取り組んでいます。リスク管理の基本目的は，事業の継続，役員並びに従業員とその家族の安全確保，経営資源の保全，社会的信用の確保です。そして，次のとおり行動指針を定め，これに沿ったリスク管理を行なっています。①ＩＨＩグループの事業継続を図ること②ＩＨＩグループの社会的評価を高めること③ＩＨＩグループの経営資源保全を図ること④ステークホルダーの利益を損なわないこと⑤被害が生じた場合には，速やかに回復を図ること⑥事態が発生した場合には，責任ある行動をとること⑦リスクに関する社会的要請を反映すること （２）当社グループのリスク管理体制当社グループでは，リスク管理全般にかかわる重要事項を検討する機関として，CEOを議長とするリスク管理会議を設置し，取り組み方針や年次計画，是正措置などの重要事項を検討しています。重点的に対処すべきリスクを「ＩＨＩグループリスク管理活動重点方針」として定め，当社の各部門及び海外を含む関係会社は，この方針に沿って主体的・自立的にリスク管理活動を進めています。グループ全体に共通するリスクについては，主に当社のコーポレート部門から構成されるグループリスク統括部門が専門性を活かした情報提供や教育を実施し，各部門のリスク管理活動を支援しています。また，内部監査部門は，グループのリスク管理体制の整備状況及び運用状況について監査を実施し，適正性確保に努めています。また，強固なリスク管理を行なうため，内部監査部門・コーポレート部門・事業領域・事業部門（関係会社を含む）の役割と責任を明確化したリスク管理体制を構築しています。関係会社を含む事業部門は，リスクの特定と直接対応にあたり，事業領域は，事業部門のリスク管理活動に対する監視及び指示と，新しいリスクの予兆検知を担当します。当社のコーポレート部門は，事業部門，事業領域によるリスク管理活動に対する評価及び助言，未認識リスクへの注意喚起，新しいリスクの予兆検知，顕在化したリスク事象の水平展開を担当し，内部監査部門はそれらリスク管理機能の保証を担当します。 （３）2024年度のリスク管理活動2024年度の「ＩＨＩグループリスク管理活動重点方針」では，重点テーマとして，次の事項について注力することとしています。①強固な事業運営基盤の確保を妨げるリスクへの対応　・コンプライアンス　・品質保証　・経済安全保障　・情報セキュリティ　・人権の尊重　・人財リスク②事業シナリオの実行を妨げるリスクへの対応 「強固な事業運営基盤の確保」を妨げるリスクへの対応として，コンプライアンス及び品質保証体制については，2019年度に制定した「ＩＨＩグループ行動規範」，「ＩＨＩグループ品質宣言」の下，ＩＨＩグループ全員がコンプライアンス徹底を誓う「コンプライアンスの日」（毎年５月10日）に関する活動や，声の出る職場づくりの推進等，過去の教訓を風化させない職場環境づくりを進めています。なお，2023年９月12日に，公正取引委員会より，当社子会社の機械式駐車装置事業について，独占禁止法違反の疑いがあるとして立ち入り検査を受けました。また，当社の子会社において，船舶用エンジン及び陸上用エンジンの試運転記録に不適切な修正が行なわれていたことが判明し，2024年４月24日に公表しました。このような状況に至ったことを厳粛に受け止め，さらなるコンプライアンスの向上に努めてまいります。経済安全保障，情報セキュリティ，人権の尊重，人財確保に関する取り組みについては，（４）事業等のリスクに記載しています。「事業シナリオの実行」を妨げるリスクについては，資機材価格の急激な変動による影響や国際情勢の急激な変化への対応を含め，当社グループを取り巻く事業環境が大きく変化していることを鋭敏に捉えた上で，４つの事業領域がそれぞれの戦略を遂行するにあたって阻害要因となるリスクに迅速・的確に対応するべく，重点的な管理を進めています。また，事業計画に潜むリスクを網羅的に確認するため，多岐にわたる事業関連リスクについて，対応計画と実施状況を継続的に評価・確認し，必要に応じてリスク評価を含めた対応計画の見直しを進めています。 （４）事業等のリスク事業の状況，設備の状況，経理の状況に記載した事項のうち，当社グループの業績，財政状態に悪影響を及ぼす可能性のあるリスクには以下のようなものがあります。文中における将来に関する事項は，当連結会計年度末（2024年３月31日）現在において当社グループが判断したものです。当社グループは，以下のリスクを認識した上で，必要なリスク管理体制を整え，リスク顕在化の回避及びリスク顕在化時の影響の極小化に最大限努めています。 当社グループは，地政学リスクの拡大，インフレの進行や人財不足，激甚災害の多発など，不安定さが常態化する社会環境を踏まえ，万が一に備える体制の構築を通じて，劇的な環境変化に対応可能な企業体質への変革を加速していきます。また，当社グループは，経営環境の変化による「リスク」と「機会」の適切な把握をグループ全体の課題として捉え，環境変化の中で従来事業の枠を超えた事業変革を進める際に潜むリスクの識別と，重要なリスクの特定・分析，及び機動的なリスク管理の推進に取り組んでいます。 　　　①　社会的責任　　　　a.　コンプライアンス当社グループは，社会とお客さまと共に持続的な成長を遂げるためには，ステークホルダーからの期待に応え，信頼を得ることが重要と考えており，この考え方に基づいて，私たちが実践すべきことを「ＩＨＩグループ基本行動指針」にまとめ，役員・従業員の遵守を求めています。また，当社グループは，リスク管理会議の下部機関となる全社委員会組織としてコンプライアンス委員会を設置し，コンプライアンスに関わる重要な方針を審議・立案し，活動を推進しています。さらに，当社グループは，すべての役員・従業員などによる，法令，社内規定や社内外のルールに対する違反やそのおそれのある行為などを未然にあるいは早期に把握し，適切な是正を図るための内部通報制度として，「ＩＨＩグループ　コンプライアンス・ホットライン」を運用しています。しかしながら，一部の役員・従業員による法令・規制違反等が生じた場合，過料や課徴金，追徴課税等による損失や営業停止等の行政処分による機会逸失を被る，あるいはそれに伴う社会的評価の低下によって当社グループの業績及び財政状態に悪影響を及ぼす可能性があります。 当社子会社の機械式駐車装置事業について，独占禁止法違反の疑いがあるとして，2023年９月12日に公正取引委員会の立ち入り検査を受けました。当社は，立ち入り検査を受けた事実を厳粛に受け止め，公正取引委員会の調査に全面的に協力しています。なお，今回の検査結果として何らかの行政処分を命じられる場合には，当社グループの業績に影響を与える可能性があります。 また，当社の子会社において，船舶用エンジン及び陸上用エンジンの試運転記録に不適切な修正が行なわれていたことが判明し，2024年４月24日に公表しました。当社は，このような事態が発生したことを重く受け止め，弁護士をはじめとする外部有識者を中心とした特別調査委員会を設置しました。今後は，特別調査委員会による調査結果及び提言を踏まえ，グループ全体として厳正に対応してまいります。 　　　　b.　環境保全当社グループには，製造工程で，大気・水質・土壌汚染等の原因となりうる物質を使用している事業所・子会社等があります。これらの物質の管理には万全の注意を払い，万一外部に漏洩した場合においてもその拡大を最小限に抑えるための対策を講じています。しかしながら，想定外の事態が発生した場合には，社会的評価の低下を招くとともに損害賠償責任が生じ，当社グループの業績及び財政状態に悪影響を及ぼす可能性があります。 　　　　c.　人権・ダイバーシティ当社グループの事業基盤を維持し，将来の成長につなげていくために，バリューチェーン上のステークホルダーを対象とするグリーバンス（救済）メカニズムとして通報窓口を設置するなど，事業活動全般にわたり人権を尊重した上で，多様な個性や価値観を有する人財が活躍できる組織風土の醸成を図っています。しかしながら，当社グループの事業活動において，人権の侵害や人権を軽視した事象が発生した場合，社会的信用の喪失，あるいはお客さまとの取引停止や損害賠償責任が発生する可能性があります。また，経営における意思決定の場に多様性が欠如した場合には，当社グループの業績及び財政状態に悪影響を及ぼす可能性があります。　　　　d.　関係会社の統制当社グループは，グループ経営を通じて，お客さまに対し，高い価値を提供することに取り組んでいます。そのためには，当社グループの各社が，各国，各地域の各種法令，社会的規範に従って事業を行なうだけでなく，適切なグループ経営を推進する必要があります。しかしながら，個社が，他のリスクに示す事項に対する不適切な対応や独自の経営判断により，お客さまに対して損害又は評価の低下を生じさせ，結果として当社グループの業績，社会的信頼性に対して悪影響を及ぼす可能性があります。 　　　　e.安全衛生当社グループは事業所及び建設現場における安全衛生管理には万全の対策を講じていますが，万一不測の事故・災害等が発生した場合には，生産活動に支障をきたし，その結果として当社グループの業績及び財政状態に悪影響を及ぼす可能性があります。当社グループは，各種損害保険等に加入する等の対策を講じていますが，大規模な事故や災害が生じた場合，損害のすべてを保険求償できない可能性があります。 　　　②　外部環境変化への備え　　　　a.　競争環境と事業戦略当社グループは，中期経営計画「グループ経営方針2023」の下，不安定さが常態化する社会環境においても，成長・育成事業への大胆な経営資源のシフトを通じ，持続的な高成長を実現する取組みを推進しています。育成事業の柱として事業開発を進めているアンモニアバリューチェーン事業においては，想定される燃料アンモニア需要量，普及タイミング等の前提条件に大幅な変化が生じた場合，将来的な当社グループの事業ポートフォリオに影響を及ぼす可能性があります。 　　　　b.　他社との連携・M&amp;A当社グループは営業協力，技術協力，生産協力や事業合弁の形で多くの他社との共同事業活動を行なっています。また，成長市場への事業展開の加速，要素技術の補完，シナジーの創出などを目的としたM&amp;Aなども有効に活用しています。しかし，経済環境の変化，法的規制，予期せぬ費用増加等の影響により，当初期待された効果を出せない可能性があります。また，当初期待した効果を享受できないと判断された場合は，他社との連携による共同事業の中断，解消を決断する可能性があり，その結果として当社グループの業績及び財政状態に悪影響を及ぼす可能性があります。 現在進行している出荷済みのPW1100G-JMエンジンに関する追加検査プログラムにおいて，同エンジンプログラムに約15％のシェアで参画している当社においても補償費用や追加整備費用等の発生が見込まれ，その影響額については第２四半期連結会計期間において財務諸表へ計上を行ないました。当社としては引き続きお客さまであるエアラインへの負担軽減及び信頼回復に取り組んでまいります。 　　　　c.　カントリーリスク当社グループの調達・生産・輸出・販売・建設等の諸活動はグローバルに展開されています。各国・各地域の政治・経済の混乱に起因する為替取引の凍結・債務不履行・投資資産の接収，想定していなかったテロ・労働争議の発生，政情不安，デフォルト等により，事業の継続や拠点経営が困難になった場合，当社グループの業績及び財政状態に悪影響を及ぼす可能性があります。これらのリスクに対し，貿易保険の付保徹底やカントリーリスクに関する情報の収集とグループ内の啓蒙，事業継続計画（BCP）の作成・見直し等の体制強化に努めています。本項目については，緊迫化する中東，ウクライナ，台湾の情勢，米中の政治上の確執，経済安全保障問題による影響の拡がり等，不確実性が高まっていると認識しています。 　　　　d.　経済安全保障昨今のグローバル化の進展の中，国家間の経済依存関係は深化し，経済活動と安全保障は不可分な関係にあります。ロシアによるウクライナ侵攻や米中の政治上の確執等，国際情勢の急激な変化に伴い，日本を含め各国の政策や法規制が変更され，サプライチェーンの強靭化や先端的な重要技術の開発等，経済安全保障に係る課題が生じています。これらの政策や法規制に反する取引を行なったり，課題への対応が不十分だったりした場合，当社の評価や社会的信用が損なわれ，販売機会の逸失や事業の停止につながる可能性があるだけでなく，当社グループの生産，調達，輸出その他の事業活動が制約を受ければ，当社グループの業績及び財政状態に悪影響を及ぼす可能性があります。 　　　　e.自然災害・疾病・紛争・テロ当社グループは，新型コロナウイルスのような大規模な感染症の拡大，地震・洪水等の激甚災害，テロ等の犯罪行為等によって業務遂行が阻害されるような事態が生じた場合であっても，その影響を最小限に抑えるべく，規定や事業継続計画（BCP）を見直すとともに，必要に応じて非常時を想定した訓練等を実施するほか，適切な保険を付保しています。しかし，想定規模を超える災害が発生した際には事業を適切に遂行できず，当社グループの業績及び財政状態に悪影響を及ぼす可能性があります。 　　　③　経営リソース　　　　a.　人財リスク当社グループの事業基盤を維持し，将来の成長につなげていくためには，事業活動に必要な人財の獲得，定着，育成が必要になります。外部人財の獲得やキーパーソンとなりうる人財の確保をできなかった場合，適正な配置を実行できなかった場合には，当社グループの将来の成長，業績及び財政状態に悪影響を及ぼす可能性があります。 　　　　b.　財務活動(a)為替動向外貨に対して円が上昇した場合は外貨建輸出工事における円換算後の入金額は目減りし，下落した場合は現地通貨建の海外調達において円換算支出額の増加を招く等，当社グループの業績及び財政状態に悪影響を及ぼします。そのため，外貨建資産と負債のポジションの不均衡に対して，一定の方針に基づき為替予約やマリーの徹底によるリスクヘッジに努めていますが，想定以上の為替変動が発生した場合には，当社グループの業績及び財政状態に悪影響を及ぼす可能性があります。 (b)金利動向金利が上昇した場合，当社グループの支払利息が増加し金融収支が悪化します。また，財務活動において借入，又は社債発行の条件が悪化する可能性があり，資金調達に悪影響を与え，ひいては当社グループの業績及び財政状態に悪影響を及ぼす可能性があります。 (c)資金調達・格付当社グループの借入金にはシンジケート・ローンが含まれており，自己資本と利益に関する財務制限条項が付されています。業績の悪化等により同条項に抵触した場合，同ローンの借入れ条件の見直しや期限前弁済義務が生じる可能性があり，当社グループの業績及び財政状態に悪影響を及ぼす可能性があります。また，格付機関が当社グループの格付を引き下げた場合，当社グループの財務活動において不利な条件で取引をせざるを得ない，あるいは一定の取引ができなくなる可能性があり，資金調達に悪影響を与え，ひいては当社グループの業績及び財政状態に悪影響を及ぼす可能性があります。 (d)保証債務等当社グループは，事業活動を営む上で必要かつ合理的と確認したものについて，債務の保証等を行なっていますが，経済環境悪化の長期化や事業の失敗等により債務者の財政状態が悪化した場合，保証の履行を債権者より求められる可能性があります。保証債務等に係る情報は，第５「経理の状況」１連結財務諸表等（１）連結財務諸表注記「40.偶発債務」に記載しています。 (e)税務繰延税金資産の計算は，将来の課税所得に関する予測・仮定を含めて個別に資産計上・取崩を行なっていますが，将来の課税所得の予測・仮定が変更され，繰延税金資産の一部ないしは全部が回収できないと判断された場合，当社グループの繰延税金資産は減額され，その結果，当社グループの業績及び財政状態に悪影響を及ぼす可能性があります。また，国境をまたぐ当社グループ会社間の取引価格の設定においては，適用される移転価格税制の遵守に努めていますが，税務当局から取引価格が不適切であるとの指摘を受けた場合，追徴課税や二重課税が生じることにより，当社グループの業績及び財政状態に悪影響を及ぼす可能性があります。 (f)与信管理当社グループは，世界中のお客さまに製品・サービスを提供しており，その多くが掛売り又は手形取引となっています。当社はこれに対し，グループ全体で与信管理体制の強化と債権保全の徹底に努めているものの，重要なお客さまが破綻し，その債権が回収できない場合には，当社グループの業績及び財政状態に悪影響を及ぼす可能性があります。2023年５月に航空会社が破産申請したことにより，当社が民間航空機エンジンの国際共同事業会社を通じて参画しているエンジンプログラムにおいて，当社が間接的に保有する営業債権の一部が回収不能となる可能性が生じました。本件を受けて，当社グループでは，債権回収リスクを低減するため債権管理の高度化に向けた取り組みを進めています。 　　　　c.　情報セキュリティ当社グループは，技術情報及び事務管理情報並びにそれらを処理するための情報システムを事業に活用する上で，相応の情報セキュリティ対策を講じるとともに，サイバー攻撃の巧妙化やテレワークの増加等を考慮した対策の強化，従業員への情報セキュリティ教育の徹底に努めています。しかし，サイバー攻撃，情報機器や文書の紛失・盗難，ネットワーク停止やハードウェア及びソフトウェアの不備により，情報漏洩や業務停止の事態が発生する可能性があり，それに伴い当社グループの業績及び財政状態に悪影響を及ぼす可能性があります。 　　　④　企業活動・エンジニアリング　　　　a.　研究開発当社グループの研究開発活動に係る情報は，第２「事業の状況」６研究開発活動に記載されています。これら研究開発活動は事業の性格上，多額の投資とともに長期の開発期間が必要とされるという特性があります。そのため，実用化機会の逸失や事業戦略・市場動向との不整合等により十分な成果に結びつかず，当社グループの業績及び財政状態に悪影響を及ぼす可能性があります。 　　　　b.　知的財産管理当社グループは保有する知的財産の適切な保全（特許・実用新案・先使用権の取得）に努めています。しかし，第三者による当社グループ製品・サービスの模倣や解析調査等技術的に当社グループに影響を与えるような動きを完全に防止することが困難な場合があります。また，当社グループが将来に向けて開発している製品・サービスが，意図せず他社等の知的所有権を侵害してしまう場合や，従業員の発明に対して適切な対応を取らなかったとみなされた場合に損害賠償等を求められ，その結果として当社グループの業績及び財政状態に悪影響を及ぼす可能性があります。 　　　　c.　プロジェクト管理当社グループは，大型プロジェクト，大型投資のいずれも，初期計画がその後の成否に大きな影響を与えると考えています。特に新規性の高い事業やしばらく実施していなかった事業の場合，初期計画による影響は顕著です。それらのことを踏まえ，受注・投資前の審査プロセス体制を整備してプロジェクトクトリスク管理を行っています。大型プロジェクトでは，個別にお客さまと受注契約を締結した後に製品を生産する場合が多く，受注契約締結前に多面的な社内審査を行なっています。しかし，契約締結後に当初想定できなかった経済環境の変化や検討不足，予期しないトラブル，JV等のパートナー企業の経営悪化等により見積コストを上回る工事の発生，お客さまから要求された性能・納期の未達によるペナルティーの支払い，追加費用の発生等の可能性があり，その結果として当社グループの業績及び財政状態に悪影響を及ぼす可能性があります。また，お客さま都合による受注契約の取り消しのケースでは，受注契約条件の中で違約金条項を設定する等そのリスク回避に最大限努力しているものの，必ずしも支出したコストの全額を回収できない可能性があり，その結果として当社グループの業績及び財政状態に悪影響を及ぼす可能性があります。大型投資では，投資前に採算性やリスクの観点から投資実行計画の社内審査を行っています。しかし，投資の意思決定時に想定できなかった経済環境や市場の変化，自社やパートナーに起因するトラブル等による目標投資効率の未達や損失計上の可能性があり，その結果として当社グループの業績及び財政状態に悪影響を及ぼす可能性があります。大型プロジェクト，大型投資とも，受注・投資前の審査においては，社内・外の有識者とコーポレートの審査部門との連携による多面的・複合的なリスクレビューの実施，受注後・投資開始後においては，各事業領域のリスク管理部門とも連携しながら，当初計画どおりに進んでいるか，新たな事象やリスクへの対応がなされているかなどのモニタリングの継続・強化に取り組むなど，引き続き徹底したプロジェクトリスクマネジメントを実施していきます。　　　　ｄ．調達・物流当社グループはキーとなる主要部品を自社グループ内で製造するよう努めている一方で，複数のグループ外調達先より原材料・部品・サービスの供給を受けています。主要な原材料・部品の市況動向については日頃から情報収集して安定調達に努めるとともに，調達先の品質・納期等の管理を徹底し，特定の調達先への過度の集中・依存を避けるべく調達先の分散化等を進め，リスクの低減に取り組んでいます。しかしながら，資機材価格の急激な変動，需給バランスの変化や国際情勢の急変に加え，激甚災害や大規模な感染症の拡大に伴う当社グループのサプライチェーン途絶等の問題が生じた場合，コストアップ，納期遅延等の問題が生じたり，人権尊重への取り組みや，サステナブルな社会を実現するためにCSR調達を推進していく過程で，調達コストが上昇したりする可能性があり，その結果として当社グループの業績及び財政状態に悪影響を及ぼす可能性があります。 　　　　e．設計・製造当社グループは，第３「設備の状況」２主要な設備の状況にあるとおり，各地に生産拠点を有しますが，生産施設に影響を及ぼす激甚災害，新型コロナウイルスのような大規模な感染症の拡大，ロシアによるウクライナ侵攻など国際情勢の急激な変化に伴う生産遅延・停止・サプライチェーンの途絶，停電，あるいは生産活動に影響を与える資機材の入手困難，電力制限が，BCPの想定範囲を超えた場合，あるいは生産量が当社グループの想定以上に急激に変動した場合，生産能力調整が十分にできない可能性があり，その結果として当社グループの業績及び財政状態に悪影響を及ぼす可能性があります。 　　　　f.品質保証当社グループは，お客さまの満足，安全，安心を実現する製品・サービスを提供するために，お客さま要求を含む要求事項の反映や計画段階で想定されるリスクへの対応も含んだ品質マネジメントシステムを構築し品質を保証する仕組み・体制を整備しています。しかし，品質保証に関わる想定外の事態が発生した場合には，お客さまの評価や社会的評価の低下を招くとともに損害賠償等が生じ，当社グループの業績及び財政状態に悪影響を及ぼす可能性があります。  
経営者による財政状態、経営成績及びキャッシュ・フローの状況の分析	４【経営者による財政状態，経営成績及びキャッシュ・フローの状況の分析】（１）経営成績等の状況の概要①財政状態及び経営成績の状況a.経営成績の状況当連結会計年度の世界経済は，欧州経済は金融引き締めやエネルギー情勢の影響等を受けて低迷，中国経済は不動産市場の停滞に伴い減速した一方で，米国経済は金融引き締めが維持された環境の中でも底堅い雇用・所得環境に支えられ堅調に推移しました。わが国経済については，雇用・所得環境が改善する中で，世界的なインフレの影響は受けつつも，景気は緩やかに回復しています。 当社グループは，第２四半期連結会計期間において，出荷済みのPW1100G-JMエンジンに関する追加検査プログラム及び海外連結子会社における訴訟の和解合意により多額の損失を計上しました。出荷済みのPW1100G-JMエンジンに関する追加検査プログラムについては，地上駐機（※）に対する補償費用や追加整備費用等の発生が見込まれますが，当第４四半期連結会計期間においてその前提条件に変更はありません。現在，プログラムパートナーとともに整備能力増強を図り，地上駐機数の低減に向けた対応を進めています。お客さまであるエアラインへの負担軽減及び信頼回復に取り組んでまいります。（※）地上駐機：エンジン追加検査のための計画外エンジン取り下ろしに起因して機体が運航不能となること。 また，原動機事業で発生したエンジンの試運転記録に係る不適切行為については，対象となる製品を納入したお客さまに真摯に対応するとともに，原因究明や再発防止策の策定などを進めてまいります。 当社グループの主力事業である民間向け航空エンジンは，旅客需要の回復に伴って，エンジン本体及びスペアパーツ販売が堅調に推移しています。また，防衛装備品については，防衛力の抜本的強化の政府方針のもと，防衛予算が大きく増加しており，受注が拡大しています。今後見込まれる民間向け航空エンジンや防衛装備品の需要拡大に応えていくため，増産に向けた能力増強を進めるとともに，世界トップレベルの生産効率実現への取組みを推進しています。車両過給機においては，自動車市場全体の傾向として，半導体部品等の供給制約改善や中国の販売促進策の影響もあり生産台数は年初予想を大きく上回る結果となりました。電気自動車の普及は進みつつあるものの，そのスピードは未だ流動的です。市場の変化に対応しながらも，当社グループは確実に需要に応えるため，事業構造改革を含め供給体制の維持・整備を進めています。また，カーボンソリューション事業では，省エネ法改正による脱炭素電源導入の促進や，海外での再エネ技術の需要が増加の傾向にあります。燃料転換をはじめとしたお客さまプラントの価値向上への貢献とともに，ライフサイクルビジネスの拡大を図っています。 このような事業環境下において，当社グループの当連結会計年度は，受注高については前年度比0.8％増の１兆3,768億円となったものの，売上収益については前述の出荷済みのPW1100G-JMエンジンに関する追加検査プログラムの影響などにより，2.2％減の１兆3,225億円となりました。損益面では，営業損益は，為替円安の影響のほか，民間向け航空エンジンのスペアパーツ販売の増加，ライフサイクルビジネス等の拡大の効果はありましたが，前述の減収の影響に加えて，車両過給機の事業構造改革費用などもあり，1,521億円減益の701億円の損失となりました。親会社の所有者に帰属する当期損益は，682億円の損失です。  当連結会計年度の報告セグメント別の業績は以下のとおりとなりました。 （単位：億円）報告セグメント受注高前連結会計年度当連結会計年度前年度比前連結会計年度当連結会計年度前年度比増減率(％)(2022.４～2023.３)(2023.４～2024.３)増減率(％)売上収益営業損益売上収益営業損益売上収益営業損益資源・エネルギー・環境3,9343,101△21.23,7132624,0491779.0△32.6社会基盤1,3401,59318.91,7101701,709150△0.0△11.8産業システム・汎用機械4,5594,7484.14,3651804,6611276.8△29.2航空・宇宙・防衛3,7274,23713.73,6413612,704△1,028△25.7－報告セグメント 計13,56213,6810.913,43197513,125△573△2.3－その他5395848.454213560443.3235.0調整額△440△496－△444△168△460△172－－合計13,66113,7680.813,52981913,225△701△2.2－（注）金額は単位未満を切捨て表示し，比率は四捨五入表示しています。 なお，参考情報として，前述の，第２四半期連結会計期間において計上した出荷済みのPW1100G-JMエンジンに関する追加検査プログラム及び海外連結子会社における訴訟の和解合意による損失の影響を除いた場合の報告セグメント別の業績は以下のとおりとなります。 （単位：億円）報告セグメント受注高前連結会計年度当連結会計年度前年度比前連結会計年度当連結会計年度前年度比増減率(％)(2022.４～2023.３)(2023.４～2024.３)増減率(％)売上収益営業損益売上収益営業損益売上収益営業損益資源・エネルギー・環境3,9343,248△17.43,7132624,19632413.023.4社会基盤1,3401,59318.91,7101701,709150△0.0△11.8産業システム・汎用機械4,5594,7484.14,3651804,6611276.8△29.2航空・宇宙・防衛3,7275,79755.53,6413614,26356817.157.1報告セグメント 計13,56215,38713.513,43197514,8311,17010.420.0その他5395848.454213560443.3235.0調整額△440△496－△444△168△460△172－－合計13,66115,47513.313,52981914,9321,04210.427.2（注）金額は単位未満を切捨て表示し，比率は四捨五入表示しています。 世界各国でカーボンニュートラルに向けた動きが加速しており，エネルギー分野における化石資源からの脱却だけでなく，鉄鋼や化学をはじめとした産業分野でも素材の脱化石資源化に向けた動きも広がっています。また，COP28ではこれまでの動きに加えて原子力利用の拡大が宣言されました。このような事業環境のもと，受注高は，海外連結子会社における訴訟の和解合意による損失の影響のほか，前期の大型案件受注の反動により減少しました。売上収益は，前述の海外連結子会社における訴訟の和解合意による損失や原子力での工事量減少の影響はありましたが，カーボンソリューションが堅調に拡大したことに加え，東南アジアの大型発電プロジェクトが順調に進捗したことにより増収となりました。営業利益は，カーボンソリューションでのライフサイクルビジネスや東南アジアの大型発電プロジェクトの増収影響はありましたが，海外連結子会社における訴訟の和解合意による損失により減益となりました。 国内においては，インフラ老朽化や気候変動による自然災害の激甚化の対策として国土強靭化計画の施策が実施されており，流域治水や道路ネットワーク機能強化，老朽化橋梁の維持，修繕の推進，さらに予防保全型インフラメンテナンスへの転換に向けた取り組みが進められています。一方，建設分野における人手不足が常態化する中，2024年４月から建設業においても時間外労働の上限規制が適用されたため，これまで以上に省人化・自動化及びDXを推進し，生産性を向上させていく必要があります。このような事業環境のもと，受注高は，橋梁・水門等で増加しました。売上収益は，概ね横ばいとなりました。営業利益は，橋梁・水門での原価先行算入により減益となりました。 産業界全体における資材価格と人件費の高騰は常態化しつつあり，半導体市場や中国の景気減速は2024年度後半に回復を見込んでいるとはいえ，市況は依然として不透明な状況です。その一方で，産業界におけるカーボンニュートラルへのニーズの高まり，先進国における労働生産人口減少による人手不足，さらには経済安全保障を念頭に置いた国際サプライチェーンの変化などが，産業分野の中長期トレンドとして捉えられています。このような事業環境のもと，受注高は，車両過給機等で増加しました。売上収益は，為替が円安で推移した影響もあり，車両過給機や回転機械などで増収となりました。営業利益は，販管費の増加等に加えて，車両過給機において事業構造改革費用を計上したなどにより減益となりました。 民間向け航空エンジン事業では世界の旅客需要は回復から成長軌道に入りつつあり，アフターマーケットでの収益も拡大を継続しています。また，防衛予算の増額，宇宙産業の市場拡大の流れを受け，防衛・宇宙事業においても，新たな価値創造を図り，競争力向上を目指していきます。一方で，サプライチェーンの混乱や物価高騰は継続しており，将来の事業環境は依然として不透明なところもあるため，変化に打ち勝つ事業体質構築に向け，デジタル基盤の活用等による生産効率改革，業務構造改革をさらに推進し，成長を加速していきます。このような事業環境のもと，受注高は，出荷済みのPW1100G-JMエンジンに関する追加検査プログラムの影響はあったものの，防衛事業の需要拡大もあり増加しました。売上収益は，民間向け航空エンジンでのエンジン本体・スペアパーツの販売増加や，防衛事業の需要拡大がありましたが，出荷済みのPW1100G-JMエンジンに関する追加検査プログラムの影響で減収となりました。営業利益は，防衛事業で受注拡大に伴う増益したものの，民間向け航空エンジンでの出荷済みのPW1100G-JMエンジンに関する追加検査プログラムの影響で減益となりました。 なお，文中の将来に関する事項は，当連結会計年度末現在において判断したものです。 b.資産及び負債，資本の状況当連結会計年度末における総資産は２兆978億円となり，前連結会計年度末と比較して1,558億円増加しました。主な増加項目は，営業債権及びその他の債権で742億円，棚卸資産で477億円です。負債は１兆6,955億円となり，前連結会計年度末と比較して2,098億円増加しました。主な増加項目は，返金負債で1,540億円であり，主に出荷済みのPW1100G-JMエンジンに関する追加検査プログラムによる影響で増加したものです。有利子負債残高はリース負債を含めて5,743億円となり，前連結会計年度末と比較して548億円増加しました。継続して資金流動性の確保の取り組みを進めています。資本は4,022億円となり，前連結会計年度末と比較して539億円減少しました。これには，親会社の所有者に帰属する当期損失682億円が含まれています。以上の結果，親会社所有者帰属持分比率は，前連結会計年度末の22.2％から17.9％となりました。 ②キャッシュ・フローの状況当連結会計年度末における現金及び現金同等物（以下，「資金」という）の残高は，前連結会計年度末と比較して140億円増加し，1,388億円となりました。当連結会計年度における各キャッシュ・フローの状況とそれらの要因は以下のとおりです。（営業活動によるキャッシュ・フロー）営業活動によるキャッシュ・フローは621億円の収入超過（前連結会計年度は541億円の収入超過）となりました。これは，成長事業である民間向け航空エンジン事業において，サプライチェーンの不安定な状態が続く中，増産に向けて運転資本が増加した一方で，PW1100G-JMエンジンに関する追加検査プログラムによるキャッシュへの影響が翌連結会計年度以降となったことや，収益の拡大も進んだことから，資金が増加したためです。 （投資活動によるキャッシュ・フロー）投資活動によるキャッシュ・フローは516億円の支出超過（前連結会計年度は523億円の支出超過）となりました。これは，固定資産の譲渡による収入があった一方で，設備投資を進めたことにより支出が増加したためです。 （財務活動によるキャッシュ・フロー）財務活動によるキャッシュ・フローは25億円の支出超過（前連結会計年度は240億円の支出超過）となりました。これは，借入による収入増があったものの，配当金の支払や金融負債の返済による支出があったためです。 （注）この項に記載の金額は単位未満を切捨て表示し，比率は四捨五入表示しています。 ③生産，受注及び販売の状況a.生産実績　当連結会計年度における生産実績をセグメントごとに示すと，次のとおりです。セグメントの名称金額（百万円）前年度比（％）資源・エネルギー・環境430,21512.0社会基盤173,6422.0産業システム・汎用機械462,0446.5航空・宇宙・防衛478,29429.6報告セグメント　計1,544,19513.8その他12,583△62.8合計1,556,77811.9（注）１.　金額は販売価格によっており，セグメント間の取引を相殺消去しています。２.　金額及び比率は単位未満を四捨五入表示しています。 b.受注状況当連結会計年度における受注状況をセグメントごとに示すと，次のとおりです。セグメントの名称受注高（百万円）前年度比（％）期末受注残高（百万円）前年度末比（％）資源・エネルギー・環境310,182△21.2483,425△14.5社会基盤159,39618.9210,234△3.7産業システム・汎用機械474,8054.1205,4322.2航空・宇宙・防衛423,72913.7450,97453.7報告セグメント　計1,368,1120.91,350,0655.6その他58,4538.422,3206.9調整額△49,695－－－合計1,376,8700.81,372,3855.6（注）１.　各セグメントの受注高は，セグメント間の取引を含んでおり，調整額でセグメント間取引の合計額を消去しています。２.　各セグメントの受注残高は，セグメント間の取引を相殺消去しています。３.　金額及び比率は単位未満を四捨五入表示しています。４.　航空・宇宙・防衛事業では，出荷済みのPW1100G-JMエンジンに関する追加検査プログラムの影響による　　受注高の減少を含んでいます。 c.販売実績当連結会計年度における販売実績をセグメントごとに示すと，次のとおりです。セグメントの名称金額（百万円）前年度比（％）資源・エネルギー・環境404,9559.0社会基盤170,9710.0産業システム・汎用機械466,1966.8航空・宇宙・防衛270,402△25.7報告セグメント　計1,312,524△2.3その他56,0843.3調整額△46,017－合計1,322,591△2.2（注）１.　販売実績は売上収益をもって示します。２.　金額はセグメント間の取引を含んでおり，調整額でセグメント間取引の合計額を消去しています。３.　主な相手先別の販売実績及び総販売実績に対する割合は次のとおりです。相手先前連結会計年度当連結会計年度金額（百万円）割合（％）金額（百万円）割合（％）一般財団法人日本航空機エンジン協会157,34411.634,3312.6４.　金額及び比率は単位未満を四捨五入表示しています。 （２）経営者による財政状態，経営成績及びキャッシュ・フローの状況の分析①重要な会計方針及び見積り当社グループの連結財務諸表は，IFRSに準拠して作成されています。連結財務諸表の作成に当たり，見積りが必要となる事項については，合理的な基準に基づき，会計上の見積りを行なっています。詳細については，第５「経理の状況」１連結財務諸表等（１）連結財務諸表注記「３．重要性のある会計方針」，及び注記「４．重要な会計上の見積り及び見積りを伴う判断」に記載しています。 ②経営成績等の状況に関する認識及び分析・検討内容当社グループ及びセグメントごとの経営成績の状況は（１）経営成績等の状況の概要の①財政状態及び経営成績の状況に記載のとおりです。 当社グループは，2023年度を初年度とする３か年の中期経営計画「グループ経営方針2023」に基づく取り組みを進めています。劇的な環境変化へ対応し，持続的な高成長を実現する事業へ変革するため，成長をけん引する航空エンジン・ロケット分野の成長事業と，将来の事業の柱として期待されるクリーンエネルギー分野の育成事業へ，経営資源を大胆にシフトし，重点的に投資を実行していきます。成長事業である航空エンジン・ロケット分野では，今後確実に世界の航空機需要の伸びが予想される中で，民間向け航空エンジンにおける小型～大型・超大型クラスのベストセラーエンジンの開発・量産事業に参画しており，新製エンジンやアフターマーケットの需要拡大に応えていきます。また，成長が見込まれる防衛関連事業や宇宙関連事業の拡大を目指し，生産能力の強化や必要な技術開発を進めていきます。当連結会計年度においては，出荷済みのPW1100G-JMエンジンに関する追加検査プログラムによる損失を計上しましたが，民間向け航空エンジン事業は成長局面へ移行し，かつ防衛・宇宙/民間MRO（Maintenance Repair and Overhaul）も堅調に拡大しました。育成事業であるクリーンエネルギー分野については，当社グループの技術力を活かしながら，燃料アンモニアに関する製造から貯蔵・輸送及び利活用に至るまでのバリューチェーンの構築を進め，カーボンフリーな世界の実現に貢献していきます。当連結会計年度においては，JERA碧南火力発電所にて世界初の燃料アンモニア20％転換の実証試験を開始するなど，燃料アンモニアバリューチェーン事業の開発が順調に進捗しました。中核事業である資源・エネルギー・環境，社会基盤，産業システム・汎用機械の各分野では，引き続きライフサイクルビジネスの拡大に注力するとともに，事業ポートフォリオの変革を通して継続的な成長シナリオを描き，投資に必要なキャッシュを創出していきます。当連結会計年度においては，ライフサイクルビジネスの売上・受注が順調に拡大しました。 2023年度は，PW1100G-JMエンジンに関する追加検査プログラムの影響等の特別要因もあり，多額の損失計上があったものの，一過性の特別要因による損失を除くベースでは営業利益率は７％となり，「グループ経営方針2023」初年度として順調に利益の積み上げが進みました。2025年度の経営目標達成につながる収益性を確保していく一方で，特別要因により毀損した財務基盤の改善が必要な状況となっています。利益を稼ぐ力に対し，資本効率性に課題があることから，CCC改善に向けた運転資本の削減や，ROICのハードルレートとなる資本コストが適正な水準となるよう意識しつつ負債・資本のバランスをコントロールすることなどを通じて，バランスシートの管理強化を推進しています。これらの取組みにおいて，資本コストの的確な把握，及びその内容や市場の評価を踏まえた分析・評価をさらに踏み込んで行なうことで，より一層，資本収益性・効率性向上につながる経営を進めていきます。  2023年度（2024年３月期）実績2024年度(2025年３月期)見通しグループ経営方針20232025年度経営目標ROIC　　　 △4.9％　　　　　 8.3％8％以上営業利益率　　　 △5.3％（7.0％）　　　　　 6.9％7.5％CCC　　　　 107日（132日）　　　　　 110日　　　　 （129日）100日（注）各指標の算出方法は次のとおりです。　・ROIC　　：（１－法定実効税率）×（営業利益＋受取利息＋受取配当金）　　　÷（親会社の所有者に帰属する持分＋有利子負債の金額）　・CCC 　　：運転資本÷売上収益×365日　・運転資本：営業債権＋契約資産＋棚卸資産＋前払金－契約負債－営業債務－返金負債　・2023年度及び2024年度の括弧内の数字は，出荷済みのPW1100G-JMエンジンに関する追加検査　　プログラム及び海外連結子会社における訴訟の和解合意による損失の影響を除いたものです。③キャッシュ・フローの状況の分析・検討内容並びに資本の財源及び資金の流動性に係る情報a．財務戦略の基本的な考え方当社グループは，事業基盤の強化やキャッシュ創出力向上の取組みを通じて得られた自己資金を原資として，財務基盤の拡充と株主還元のバランスを取りながら，事業変革のための投資を進めていくことを財務戦略の基本方針としています。2023年度のキャッシュ・フローは，営業活動によるキャッシュ・フローが621億円の収入となり，投資活動によるキャッシュ・フローは516億円の支出となりました。合計したフリー・キャッシュ・フローは104億円となり，前連結会計年度に対して86億円増加しました。引き続き当社グループは，「グループ経営方針2023」で掲げる収益性・キャッシュ創出力を重視した経営施策を着実に実行し，成長・育成事業への最適な資金配分により，持続的な高成長を実現する企業体質への変革を実現し，企業価値向上へつなげていきます。出荷済みのPW1100G-JMエンジンに関する追加検査プログラムに係る支出が来期以降に発生することや，稼ぐ力がキャッシュ・フローに結び付いていないことから，営業キャッシュ・フローの強化は喫緊の課題です。運転資本の圧縮を進め，キャッシュ・フロー改善につなげていきます。 b．資金調達の方針当社グループの運転資金，投資向け資金等の必要資金の財源については，主として営業活動によるキャッシュ・フローで獲得した資金を財源とすることを原則としています。必要に応じて，短期的な資金については金利の上昇に留意しつつ銀行借入やコマーシャル・ペーパーなど，設備資金・投融資資金等の長期的な資金については，日銀の政策変更による本邦金利上昇を見据えながら既存借入金及び既発行債の償還時期等を総合的に勘案し，長期借入金や社債等によって調達しています。外部からの資本・資金調達については，関連するリスクを適切にコントロールした上で，資本コストを最小化する調達を実現することを資金調達の基本方針としています。また，当社グループ内部では，グループガバナンスの向上，資金効率の向上及び資本コストの低減を図り，企業価値向上に寄与するため，グループ一体となった資金調達・資金収支管理を実施しており，当社と国内子会社間，また海外の一部地域の関係会社間ではキャッシュ・マネジメント・システムによる資金融通を行ない，グループ内の流動性確保，資金効率向上に努めています。 c．資金需要，資金調達及び流動性の分析当社グループの主な資金需要は，事業活動に必要な運転資金，成長事業創出のための研究開発費及び設備投資等です。当連結会計年度末の有利子負債残高はリース負債を含めて5,743億円となり，前連結会計年度末に対して548億円増加しました。これは主として，事業活動による運転資金や投資活動のための資金の増加を外部借入で調達したことによるものです。当連結会計年度末の現金及び現金同等物は1,388億円であり，前連結会計年度末と比較して140億円増加しています。手元資金の流動性については現金及び現金同等物に加え，主要銀行とのコミットメントライン契約や当座貸越枠，コマーシャル・ペーパーなど多様な調達手段を保有しています。また，機動的な資金調達手段を確保することを目的として，2023年11月に1,500億円のコミットメントライン契約を締結しています。上記現金及び現金同等物と合わせて引き続き十分な流動性を確保しています。また，資金調達の多様性では，2023年９月に策定したサステナブル・ファイナンス・フレームワークを用いて，グリーン／トランジション・ファイナンスによる資金調達を促進しています。ESG経営を進める中で，ファイナンスを事業活動と一体ととらえ，自然と技術が調和する持続可能な社会の実現のために適切な資金調達と事業展開を行なっていきます。 （注）この項に記載の金額は単位未満を切捨て表示しています。 
経営上の重要な契約等	５【経営上の重要な契約等】技術導入契約契約会社名相手方の名称国名契約品目契約内容契約期間当社GEAETechnology,Inc.米国T700－401C，T700－701Cターボシャフトエンジン契約品目の製造・販売に関する非独占的権利の取得1989年９月26日から2025年４月30日まで当社GEAETechnology,Inc.米国F110－129ターボファンエンジン契約品目の製造・販売に関する非独占的権利の取得1996年９月27日から2030年４月30日まで当社Rolls－RoyceCorporation米国T56－Aターボプロップエンジン契約品目の製造・販売に関する非独占的権利の取得2008年11月７日から2028年10月31日まで当社Rolls－RoyceCorporation米国T56－A－427Aターボプロップエンジン契約品目の製造・販売に関する非独占的権利の取得2019年９月16日から2029年９月30日まで当社RTX Corporation米国F100ターボファンエンジン契約品目の製造・販売に関する非独占的権利の取得1978年５月18日から2026年３月31日まで当社RTX Corporation米国F135ターボファンエンジン契約品目の日本における非独占製造権2013年10月17日から2027年９月30日まで㈱ＩＨＩ回転機械エンジニアリング（連結子会社）Turbo SystemsSwitzerland Ltd.スイスターボ過給機契約品目の日本における独占製造権1998年９月24日からJV終了日まで㈱ＩＨＩエアロスペース（連結子会社）Lockheed MartinCorporation米国多連装ロケットシステム契約品目の製造・販売に関する非独占的権利の取得1993年１月20日から2033年８月31日まで
研究開発活動	６【研究開発活動】当社グループ（当社及び連結子会社）は，「グループ経営方針2023」に基づき，ＩＨＩグループの技術と叡智でお客さま・産業・社会が抱える課題の解決を目指すべく，研究開発に取り組んできました。事業部門である，資源・エネルギー・環境，社会基盤，産業システム・汎用機械，航空・宇宙・防衛の各セグメントは，製品の競争力強化，及び今後の事業拡大・創造につながる研究開発を推進し，本社部門である戦略技術統括本部，技術開発本部，高度情報マネジメント統括本部，並びに事業開発統括本部は，相互に密接に連携・協力し，基礎的な研究開発から事業拡大・創造の足掛かりとなる研究開発を推進しています。加えて，国内外の企業，大学や研究機関との産学官連携による共同研究にも積極的に取り組んでいます。「グループ経営方針2023」では，成長事業として航空エンジン・ロケット分野，育成事業としてアンモニアなどのクリーンエネルギー分野，中核事業として資源・エネルギー・環境，社会基盤，産業システム・汎用機械分野の３つの区分を定義し，リソース配分を最適化しながら，研究開発に取り組んでいます。 当連結会計年度におけるグループ全体の研究開発費は393億円であり，そのうち，成長事業と育成事業創出に向けた研究開発費は250億円です。なお，成長事業と育成事業に係る研究開発費は，事業との関連状況に応じて，関係する事業部門及び本社部門を横断して発生しています。 各セグメント別の主な研究開発の成果及び研究開発費は次のとおりです。 （１）資源・エネルギー・環境資源・エネルギー・環境事業領域では，グループの中核を担うカーボンソリューション，原動機，原子力の各分野において，ライフサイクルやバリューチェーンを意識した事業の拡大を目指しています。資源・エネルギー・環境事業領域と事業開発統括本部，戦略技術統括本部並びに技術開発本部では，今後，成長が期待されるクリーンエネルギー分野への投資を進めており，特に燃料アンモニアについては，既存の石炭火力発電設備のアンモニア燃料転換への実証を進め，アンモニア専焼ガスタービンの開発なども含め，早期の実現に向けて取り組んでいます。当連結会計年度の主な成果として，碧南火力発電所における大規模な燃料転換技術の確立に向けたアンモニア転換実証事業の着手，2030年までにアンモニア専焼ガスタービン燃焼システム技術開発を目指すIHIとGE Vernova間の協業合意，インド火力発電所におけるアンモニア燃焼技術適用に向けた燃焼試験の開始，火力発電用ボイラ向け専焼バーナのアンモニア火炎可視化の成功などがあります。また，CO₂の有効活用としてマレーシアにおけるバイオマスを活用したe-メタン製造事業の詳細検討開始，タイの石油化学プラントにおけるカーボンニュートラルな低級オレフィン合成技術の実証開始が挙げられます。当セグメントに係る研究開発費は60億円です。 （２）社会基盤社会基盤事業領域では，橋梁・水門などの各事業において国内トップクラスの市場シェアを有しています。橋梁事業では，設計から維持管理まで一気通貫した技術力を強みに国内での受注確保に取り組み，トルコやアジア各国を拠点に海外事業展開も進めています。水門事業では激甚化する自然災害への対策として，戦略技術統括本部と連携しながら，治水・利水施設管理の最適化の取り組み，事業の拡大を進めています。また，これまで取り組んできた保全工事などのライフサイクルビジネスに加え，デジタル基盤を活用したインフラの維持管理の最適化などに，技術開発本部とともに取り組んでいます。当連結会計年度の主な成果として，「広域的な小型水門の操作支援の実証試験」に係る覚書の締結，大雨時の水門操作を遠隔化・自動化する運転支援システムの開発開始，脱炭素社会と新たな価値創造を実現する建設新材料ジオポリマーコンクリート「セメノン™」の開発などが挙げられます。当セグメントに係る研究開発費は11億円です。 （３）産業システム・汎用機械産業システム・汎用機械事業領域では，既存の需要の確実な取り組みを進めています。産業システム・汎用機械事業領域主導で，工場等における環境負荷の低減に向けた取り組みが進む中，回転機械事業や，医療・航空・装飾分野での更なる成長が見込まれる表面処理事業に注力するとともに，事業領域全体ではお客さまのバリューチェーン全体を見据えたライフサイクルビジネスを拡大する事を目指しています。当連結会計年度の主な成果として，自動車に搭載される燃料電池の耐久性能向上と低コスト化を実現するインラインコーティング装置の開発などが挙げられます。当セグメントに係る研究開発費は94億円です。 （４）航空・宇宙・防衛航空・宇宙・防衛事業領域の航空エンジン・ロケット事業は，民間，防衛のいずれの分野でも強化と拡大を進めるとともに，デジタル基盤の活用等により世界トップレベルの生産効率の実現を目指すなど，事業の変革に取り組んでいます。航空・宇宙・防衛事業領域と新たな事業の創出に向けて，軽量化や電動化などカーボンニュートラルを見据えた次世代航空機に関する技術の開発を戦略技術統括本部，並びに技術開発本部と連携して進めるとともに，ロケットシステム・宇宙利用事業では，固体ロケット（イプシロン）の競争力強化に加え，多様な打上げニーズに対応できるロケットラインナップの確立を進めつつ，中小型衛星の打上げサービス事業の確立を目指しています。当連結会計年度の主な成果として，世界初の航空機ジェットエンジン後方に搭載可能なメガワット級電動機の開発，軽量・小型で世界最高レベル出力の電動ターボコンプレッサの開発，航空機燃料電池向け世界最高レベルの大容量水素再循環装置の実証成功，月面着陸に成功した小型月着陸実証機（SLIM）への位置及び高度測定カメラの提供などが挙げられます。当セグメントに係る研究開発費は87億円です。 （５）その他本社部門である戦略技術統括本部，技術開発本部，高度情報マネジメント統括本部，並びに事業開発統括本部は，相互に密接に連携・協力し，基礎的な研究開発から事業拡大・創造の足掛かりとなる研究開発を推進しています。当連結会計年度の主な成果として，CO₂排出量の大幅な削減につながる天然ガス熱分解による水素製造試作機での実験の開始，モータの大出力化・小型化・軽量化につながる航空機・車載システム向け超高速モータ用高磁束プラスチック磁石ロータ（回転子）の開発の成功，社会に新しい選択肢を増やすための研究開発への取り組みなどが挙げられます。当セグメントに係る研究開発費は140億円です。 （注）この項に記載の金額は単位未満を切捨て表示しています。 
設備投資等の概要	１【設備投資等の概要】当社グループ（当社及び連結子会社）では，競争力強化のため生産能力の増強，生産体制の整備，現有設備の維持・更新等に重点的な投資を行ない，当連結会計年度における投資総額は712億円となりました。「グループ経営方針2023」で掲げた育成事業・成長事業への投資はメリハリを持って進め，中長期成長の実現につなげていきます。なお育成事業への投資は，事業との関連状況に応じて関係する事業部門と本社部門を横断して行なっています。セグメント別の投資の概要は以下のとおりです。資源・エネルギー・環境では，生産能力の増強，現有設備の維持・更新，事務の合理化のため，94億円の投資を実施しました。社会基盤では，生産の合理化・省力化，生産能力の増強，投資不動産の整備・維持・更新のため，107億円の投資を実施しました。産業システム・汎用機械では，生産能力の増強，現有設備の維持・更新，生産体制の整備のため，133億円の投資を実施しました。当セグメントのうち市場の拡大が見込まれる事業では，生産能力の向上に寄与する投資を積極的におこなっています。航空・宇宙・防衛では，生産体制の整備，事務の合理化，現有設備の維持・更新のため，257億円の投資を実施しました。当セグメントは成長事業であり，生産能力の向上に寄与する投資を積極的に行なっています。その他では，試験研究設備，現有設備の維持・更新，生産の合理化・省力化のため，120億円の投資を実施しました。当セグメントでは育成事業関連設備などへの投資を行なっています。所要資金については，主として自己資金により充当しました。 （注）この項に記載の金額は単位未満を切捨て表示しています。 
主要な設備の状況	２【主要な設備の状況】当連結会計年度末における当社グループ（当社及び連結子会社）の主要な設備の状況は，以下のとおりです。（注）以下の表に記載の金額は単位未満を四捨五入表示しています。 （１）提出会社事業所名（所在地）セグメントの名称設備の内容帳簿価額（百万円）従業員数（人）建物及び構築物機械装置及び運搬具土地（面積千㎡）使用権資産その他（注１）合　計相生工場(兵庫県相生市)資源・エネルギー・環境ボイラ・貯蔵設備生産設備1,0301,541194(229)71692,941364横浜工場(横浜市磯子区)資源・エネルギー・環境原子力機器・航空エンジン生産設備2,6641,4681,106(227)2741,1516,663275瑞穂工場(東京都西多摩郡)航空・宇宙・防衛航空エンジン・宇宙開発関連機器生産設備4,3273,5962,321(201)9144,28715,4451,471相馬工場(福島県相馬市)航空・宇宙・防衛航空エンジン・宇宙開発関連機器生産設備5,0355,4103,597(374)14,16213,27641,480901呉第二工場（広島県呉市）航空・宇宙・防衛航空エンジン生産設備1,3701,25357(48)6942143,588474鶴ヶ島工場（埼玉県鶴ヶ島市）航空・宇宙・防衛航空エンジン整備設備7,3363,0237,105(136)2,06346219,989258本社(東京都江東区他)（注２，３）その他その他設備16,9536,0178,119(129,926)43,304156,343230,7363,270（注）１.　帳簿価額のうち「その他」は，投資不動産，工具器具備品,ソフトウェア及び建設仮勘定の合計です。２.　本社の土地の帳簿価額には，愛知県知多市所在，鹿児島市所在及びブラジル国内保有土地等を含みます。３.　帳簿価額には社会基盤セグメントに属する資産（主に投資不動産）の帳簿価額137,133百万円を含みます。 （２）国内子会社会社名事業所名（所在地）セグメントの名称設備の内容帳簿価額（百万円）従業員数（人）建物及び構築物機械装置及び運搬具土地（面積千㎡）使用権資産その他（注）合　計㈱ＩＨＩ原動機太田工場（群馬県太田市）資源・エネルギー・環境生産設備1,0773242,152(152)4078334,793345新潟内燃機工場（新潟市東区）資源・エネルギー・環境生産設備8483251,050(55)341262,590178㈱ＩＨＩインフラシステム堺工場（堺市堺区）社会基盤生産設備6,1602,2945,686(83)8,2221,19923,561413㈱ＩＨＩ建材工業茨城工場（茨城県行方市）社会基盤生産設備304214516(114)271341,33929㈱ＩＨＩターボ新町工場（長野県上伊那郡）産業システム・汎用機械生産設備1,2021,386194(25)31692,954128木曽工場（長野県木曽郡）産業システム・汎用機械生産設備63362994(65)3124182,086285ＩＨＩ運搬機械㈱沼津工場（静岡県沼津市）産業システム・汎用機械生産設備1,0542972,270(138)501593,830147㈱ＩＨＩエアロスペース富岡工場（群馬県富岡市）航空・宇宙・防衛生産設備5,2364,4982,388(490)1,5982,79316,513922（注）　帳簿価額のうち「その他」は，工具器具備品,ソフトウェア及び建設仮勘定の合計です。 （３）在外子会社会社名事業所名（所在地）セグメントの名称設備の内容帳簿価額（百万円）従業員数（人）建物及び構築物機械装置及び運搬具土地（面積千㎡）使用権資産その他（注１）合　計IHI Charging Systems International GmbH（注２）ドイツ，イタリア産業システム・汎用機械生産設備7261,402288(12)2,0901,1095,615613長春富奥石川島過給機有限公司（注２）中国産業システム・汎用機械生産設備9161,750－2667063,638599IHI Turbo America Co.米国産業システム・汎用機械生産設備2,2314,37133(65)305427,207213Indigo TopCo Limited（注２）スイス 他産業システム・汎用機械生産設備2,1149,469570(35)2,7652,60217,5201,090（注）１.　帳簿価額のうち「その他」は，工具器具備品,ソフトウェア及び建設仮勘定の合計です。２.　IHI Charging Systems International GmbH，長春富奥石川島過給機有限公司及びIndigo TopCo Limitedは，それぞれの子会社を連結した数値で表示しています。 
株式の総数	①【株式の総数】種類発行可能株式総数（株）普通株式300,000,000計300,000,000
発行済株式、株式の総数等	②【発行済株式】種類事業年度末現在発行数（株）（2024年３月31日）提出日現在発行数（株）（2024年６月26日）上場金融商品取引所名又は登録認可金融商品取引業協会名内容普通株式154,679,954154,679,954東京証券取引所　プライム市場単元株式数100株計154,679,954154,679,954－－（注）　「提出日現在発行数」欄には，2024年６月１日からこの有価証券報告書提出日までの新株予約権の行使により発行された株式数は含まれていません。 
配当政策	３【配当政策】当社は，多様な社会課題の解決にお客さまと共に取り組むことにより，企業価値の向上を図り，持続可能な社会の実現に貢献していくことを経営方針としています。　この経営方針の下，配当については，安定的に実施することを基本に，当社グループの成長に応じて，持続的に増加することを目指します。　配当金額については，企業価値の向上のための投資と自己資本の充実，強化などを総合的に勘案しつつ，連結配当性向30％程度を目安としてまいります。年間の配当回数は，中間配当及び期末配当の２回を基本的な方針としており，配当の決定機関は，中間配当は取締役会，期末配当は定時株主総会です。なお，定款において，「取締役会の決議によって，毎年９月30日を基準日として，中間配当を行なうことができる。」旨を定めています。当期の配当金については，当事業年度の業績並びに今後の事業展開等を勘案し，１株当たり中間配当50円，期末配当50円としています。内部留保については，経営基盤の一層の強化・充実並びに今後の事業展開に有効活用し，長期的に株主利益の向上に努めていきます。 当事業年度に係る剰余金の配当は以下のとおりです。決議年月日配当金の総額（百万円）１株当たり配当額（円）2023年11月７日取締役会決議7,595502024年６月26日定時株主総会決議7,59550（注）　金額は単位未満を四捨五入表示しています。 
コーポレート・ガバナンスの概要	（１）【コーポレート・ガバナンスの概要】①　企業統治の体制（ア）コーポレート・ガバナンスに関する基本的な考え方　当社は，コーポレート・ガバナンスを，当社が本来有する力を最大限に発揮するように経営の効率性を高め，持続的成長と企業価値の最大化を担保するシステムと定義しています。当社は，この実現のため，経営監視監督機能と業務執行機能を明確に区分して企業内意思決定の効率化と適正化を図るとともに，関連諸規定の整備やそれを運用する体制を構築して，当社グループ全体における業務の適正を確保しています。　当社は，コーポレート・ガバナンスの不断の改善を進め，株主をはじめとするステークホルダーの皆さまに長期にわたって信頼され，ご愛顧いただくことを目指します。　当社は，次の基本方針に沿って，コーポレート・ガバナンスの充実に取り組みます。・株主の権利を尊重し，平等性を確保します。・株主をはじめとするステークホルダーとの適切な協働に努めます。・会社に関する情報を適切かつ積極的に開示し，ステークホルダーへの説明責任を果たすとともに，透明性を確保します。・取締役会，監査役及び監査役会が経営監視監督機能を充分に果たせるよう，それぞれの役割・責務を明確化します。・中長期的な株主の利益と合致する投資方針を有する株主との間で建設的な対話を行ないます。 （イ）企業統治の体制の概要・当社は監査役会設置会社であり，取締役の職務の執行を監査するため監査役５名（うち独立社外監査役３名）を選任しています。なお，監査役会の議長は常勤監査役の丸山 誠司です。監査役の氏名については，（２）役員の状況に記載のとおりです。・取締役会は，取締役12名（うち独立社外取締役４名）で構成され，当社経営上の重要事項及びグループ経営上の重要事項に関する意思決定を行なうとともに，取締役の職務執行について監督を行なっています。なお，独立社外取締役は，経営者としての豊富な経験と幅広い見識を有する者及び高度な専門知識と多面的な経験を有する者を選任しており，業務執行を行なう経営陣から独立した立場にて，取締役会の意思決定に参加するとともに，当社経営に対して助言・提言を行なっています。なお，取締役会の議長は取締役会長の満岡 次郎です。取締役の氏名については，（２）役員の状況に記載のとおりです。・取締役会による経営に対する監視・監督機能の強化及び業務執行に関する意思決定の迅速化を図るため執行役員制度を導入しています。執行役員は，取締役会の決議をもって任命されています（23名，うち取締役兼務者７名）。最高経営責任者（ＣＥＯ）は執行役員の職務を統括し，指揮監督するものとし，執行役員はこれに従い，担当職務を執行します。執行役員の氏名については，（２）役員の状況に記載のとおりです。・最高経営責任者（ＣＥＯ）の意思決定及び業務執行をサポートする機関として「経営会議」があり，最高経営責任者（ＣＥＯ）の指名する者により構成されています。また，最高経営責任者が自ら議長を務める機関として，ＥＳＧ経営の基本方針や具体的施策を検討するとともに，実施状況を評価・改善することを目的とした「ＥＳＧ経営推進会議」，当社グループのリスク管理を統括し，リスク管理全般に係る重要事項について協議・承認を行なう「リスク管理会議」を設置しています。・任意の委員会として，「報酬諮問委員会」を設置しています。「報酬諮問委員会」は，役員報酬の妥当性と客観性を確保するため，独立社外取締役３名（中西 義之，碓井 稔，内山 俊弘），独立社外監査役１名（武藤 和博），人事担当取締役（瀬尾 明洋），財務担当取締役（福本 保明）の計６名で構成し，委員長を独立社外取締役（中西 義之）としています。・任意の委員会として，「指名諮問委員会」を設置しています。「指名諮問委員会」は，役員人事が適正に実施されることを目的に，独立社外取締役４名（中西 義之，松田 千恵子，碓井 稔，内山 俊弘），代表取締役社長の計５名で構成し，委員長を代表取締役社長としています。・当社の企業統治の体制を図示すると，次の「経営機構図」のとおりです。  　　　経営機構図 （ウ）企業統治の体制を採用する理由・当社は，以上に記載した企業統治体制が，経営の効率性を確保しつつ，経営全般に対する監査・監督を十分に果たすことができる機能を有するものであると考えているため，本体制を採用しています。 （エ）内部統制・リスク管理・コンプライアンスについては，コンプライアンス活動を推進していく組織として法務部にコンプライアンスグループを設けているとともに，「リスク管理会議」の下部委員会である「コンプライアンス委員会」で年度の活動方針を定めて展開しています。併せて，内部通報制度の利用の促進，業務上必要な各法令の理解と遵守を徹底するための社内教育を拡充し，実効性のあるコンプライアンス体制を構築しています。・当社グループにおける内部通報制度として「コンプライアンス・ホットライン」を設置しています。法務部を相談・通報の窓口として，自浄作用を発揮し，コンプライアンス違反を未然に防ぐための体制を整備しています。・金融商品取引法の内部統制では，経営者のもとで内部統制を評価する組織が必要であり，この組織には被評価組織からの完全な独立性が求められます。当社では，社長直属の独立組織である「内部監査部」により全体の評価の計画立案，評価作業とりまとめ，評価結果の妥当性の検討，連結グループ全体での内部統制の有効性の判断を行なっています。また，業務プロセス統制の主たる評価対象となる部門である財務部，４事業領域に内部統制評価グループを，高度情報マネジメント統括本部にＩＴ統制評価グループを設けています。・当社グループ全体のリスク管理体制並びに運用・評価の仕組みを整備し，最高経営責任者を議長とするリスク管理会議を定期的に開催して当社グループ全体のリスクの確認と重点取組方針等を検討し，リスクの発生の回避及びリスク発生時の影響の極小化に努めています。また，当社グループのリスク管理について定めた「ＩＨＩグループリスク管理基本規程」に基づき，コーポレート部門，事業領域，事業部門それぞれのリスク管理における役割と責任を明確化してリスク管理活動を実施しており，実施状況については，四半期ごとに取締役会へ報告しています。・当社グループの経営や事業活動に重大な影響を与える危機への対応として「ＩＨＩグループ危機管理基本規程」を定め，危機管理担当役員及び危機管理事務局の設置，危機発生時の対策本部の設置や対応など危機管理体制を整備しています。また，非常時に対する事前の備えとして，各部門において事業継続計画の作成に取り組んでいます。・当社グループでは，大型受注工事や大型投資案件の審査・モニタリング機能として，プロジェクトリスクマネジメント部を設置しています。当部門と各事業領域が連携して，現場を重視したコミュニケーションを通じたリスクの把握と迅速な対応を図っています。・大型受注工事及び経営に大きな影響を及ぼす可能性のある当社グループの大型投資案件については，次のとおり審査を実施しています。　（大型受注工事）　　「重要受注案件審査会」及び「審査小委員会」を設置し，案件検討段階で要求技術，リソース，契約条件を審査するために，受注前の契約・初号機要素を含む技術リスク等見積原価情報に反映されるべき各種リスクの審査体制を強化するとともに，受注後の採算悪化を防ぐため，事業領域において，工程・原価・品質等についてのプロジェクト管理体制を充実させ，設計・調達・建設等の各ステージにおいて有識者によるレビューを実施することにより，工事採算の正確な把握に努めています。　（大型投資案件）　　「投資審査会」及び「投資審査小委員会」を設置し，投資の意義，計画の妥当性，投資効率，最大損失の見極めとトールゲートの設定について審査を行なっています。投資開始後は，トールゲートの通過判断の確認，投資計画内容に対する実績乖離状況の追跡確認などのモニタリングを行なっています。 ・各事業について，財務部と各事業領域・ＳＢＵ幹部との定期的な連絡会を設けての情報収集，原価業務を財務部に集約させることによる統制強化，中間原価手続の規定化・標準化等により，受注量のコントロールやリスク，採算性の評価を厳密に行なっています。 （オ）責任限定契約の内容の概要・当社と社外取締役及び社外監査役は，会社法第427条第１項の規定に基づき，同法第423条第１項の損害賠償責任を限定する契約を締結しています。当該契約に基づく損害賠償責任の限度額は，法令が定める額としています。 (カ)役員等賠償責任保険の内容の概要・当社は，役員が職務の執行にあたり，期待される役割を十分に発揮できるようにするとともに，有用な人材を迎えることができるよう，取締役及び監査役全員を被保険者として，会社法第430条の３第１項に規定する役員等賠償責任保険（Ｄ＆Ｏ保険）契約を締結しています。当該保険契約では，被保険者である役員等がその職務の執行に関し責任を負うこと，又は，当該責任の追及を受けることによって生ずることのある損害について補填することとされています。ただし，法令違反を認識した上での行為に起因して生じた損害は填補されないなど，一定の免責事由があります。また，保険料は特約部分も含めて当社が全額を負担しており，被保険者の保険料負担はありません。 ②　取締役の定数　当社の取締役は15名以内とする旨定款に定めています。 ③　取締役の選任の決議要件　当社は，取締役の選任決議について，議決権を行使することができる株主の議決権の３分の１以上を有する株主が出席し，その議決権の過半数をもって行なう旨定款に定めています。　また，取締役の選任については，累積投票によらないものとする旨定款に定めています。 ④　中間配当　当社は，会社法第454条第５項の規定により，取締役会の決議によって毎年９月30日を基準日として，中間配当ができる旨定款に定めています。 ⑤　自己の株式の取得　当社は，自己の株式の取得について，会社法第165条第２項の規定に基づき，取締役会の決議によって自己の株式を取得することができる旨定款に定めています。これは，機動的な資本政策の遂行を目的とするものです。 ⑥　取締役会決議による取締役及び監査役の責任を免除することを可能にする定款の定め　当社は，取締役及び監査役が職務の遂行にあたり期待される役割を十分に発揮できるよう，会社法第426条第１項の規定により，善意でかつ重大な過失がない場合は，取締役会の決議によって，取締役及び監査役の責任を免除することができる旨定款で定めています。 ⑦　株主総会の特別決議要件　当社は，会社法第309条第２項に定める株主総会の特別決議要件について，議決権を行使することができる株主の議決権の３分の１以上を有する株主が出席し，その議決権の３分の２以上をもって行なう旨定款に定めています。これは，株主総会における特別決議の定足数を緩和することにより，株主総会の円滑な運営を行なうことを目的とするものです。  ⑧　取締役会の活動状況・取締役会は，当社経営上の重要事項及びグループ経営上の重要事項に関する意思決定を行なうとともに，取締役の職務の執行について監督を行なっています。・定例取締役会は原則として毎月１回開催し，臨時取締役会は必要あるごとに開催します。当事業年度は取締役会を計18回開催しました。・当事業年度は，「グループ経営方針2023」に掲げる「事業ポートフォリオの変革」や，重要な全社的施策である人財戦略，ＤＸ戦略等に関する議論を重点的に行いました。・当事業年度における出席状況は以下のとおりです。地位氏名取締役会出席状況(注)諮問機関の委員就任状況報酬諮問委員会指名諮問委員会代表取締役会長満岡　次郎100％（18回/18回）  代表取締役社長井手　　博100％（18回/18回） 委員長代表取締役池山　正隆100％（18回/18回）  代表取締役土田　　剛100％（14回/14回）  取締役盛田　英夫100％（18回/18回）  取締役瀬尾　明洋100％（18回/18回）委員 取締役小林　　淳100％（14回/14回）  取締役福本　保明100％（14回/14回）委員 社外取締役中西　義之100％（18回/18回）委員長委員社外取締役松田千恵子 89％（16回/18回） 委員社外取締役碓井　　稔100％（18回/18回）委員委員社外取締役内山　俊弘100％（18回/18回）委員委員常勤監査役新村　高志100％（18回/18回）  常勤監査役丸山　誠司100％（18回/18回）  社外監査役関根　愛子100％（18回/18回）  社外監査役早稲田祐美子100％（18回/18回）  社外監査役武藤　和博100％（14回/14回）委員 　　（注）取締役会の開催回数には，書面決議による取締役会の回数を含めていません。　　　　 また，役員就任後に開催された取締役会の出席状況を記載しています。・当社は，取締役会の実効性を高めるため，2015年度から取締役会の実効性評価を原則として毎年実施しています。当事業年度は，すべての取締役及び監査役に対し外部専門家によるアンケートを実施したほか，事務局による個別のヒアリングを行ない，抽出された課題について，取締役会で議論を行ないました。・当事業年度に実施した実効性評価においては，引き続き当社取締役会の実効性は確保されていると自己評価いたしました。また，取締役会の実効性を更に高めるため，次の事項を取り組むべき課題としています。・取締役会としての監視監督機能を発揮する上で前提となる，取締役会の構成や後継者計画，役割と役割分担などに関する議論の更なる充実・取締役会で議論すべき重要議題に関する審議時間の確保と議論の更なる深化・適切な意思決定を行なうための情報提供の拡充加えて，当社連結子会社における不適切行為を踏まえ，実効性のあるグループガバナンスの再構築が必要と認識しています。 これらを受けて，2024年度の取締役会は以下の取組みを行ないます。・当社取締役会としての今後のあるべき姿や監視監督機能のあり方に関する議論・執行側による2024年度の経営アジェンダの設定及びこれに基づく取締役会での議論（「事業ポートフォリオの変革」及び「グループガバナンスの強化」など）・議論すべき論点を明確に整理した資料の作成及び社外役員への情報提供の充実  ⑨　任意の委員会の活動状況（ア）報酬諮問委員会・取締役会の任意の諮問委員会として報酬諮問委員会を設置しています。当事業年度は５回開催しており，取締役及び執行役員が受ける報酬の方針や報酬の内容について審議しました。地位氏名 委員会出席状況社外取締役中西　義之委員長100％（５回/５回）取締役瀬尾　明洋委員100％（５回/５回）取締役福本　保明委員100％（５回/５回）社外取締役碓井　　稔委員100％（５回/５回）社外取締役内山　俊弘委員100％（５回/５回）社外監査役武藤　和博委員100％（２回/２回）　　　　　（注）委員就任後に開催された報酬諮問委員会の出席状況を記載しています。 （イ）指名諮問委員会・取締役会の任意の諮問委員会として指名諮問委員会を設置しています。当事業年度は５回開催しており，役員人事案や後継者育成計画等について審議しました。地位氏名 委員会出席状況代表取締役社長井手　　博委員長100％（５回/５回）社外取締役中西　義之委員100％（５回/５回）社外取締役松田千恵子委員100％（５回/５回）社外取締役碓井　　稔委員100％（５回/５回）社外取締役内山　俊弘委員100％（５回/５回） 
役員の状況	（２）【役員の状況】①　役員一覧男性　12名　女性　5名　（役員のうち女性の比率　29.41％）役職名氏　名生年月日略　歴任　期所有株式数（株）取締役会長満岡　次郎1954年10月13日生1980年４月当社入社2010年４月当社執行役員 航空宇宙事業本部副本部長2013年４月当社常務執行役員 航空宇宙事業本部長2014年６月当社取締役 常務執行役員 航空宇宙事業本部長2016年４月当社代表取締役社長 最高執行責任者2017年４月当社代表取締役社長 最高経営責任者2020年４月当社代表取締役会長兼社長 最高経営責任者2020年６月当社代表取締役会長 最高経営責任者2021年４月当社代表取締役会長2024年４月当社取締役会長（現任）　（注６）19,800代表取締役社長最高経営責任者井手　博1961年２月16日生1983年４月当社入社2013年４月Jurong Engineering Limited 社長2017年４月当社執行役員資源・エネルギー・環境事業領域副事業領域長2019年４月当社常務執行役員資源・エネルギー・環境事業領域長2020年４月当社最高執行責任者(兼)資源・エネルギー・環境事業領域長2020年６月当社代表取締役社長 最高執行責任者2021年４月当社代表取締役社長 最高経営責任者(兼)戦略技術統括本部長2023年４月当社代表取締役社長 最高経営責任者（現任）　（注６）6,600代表取締役副社長執行役員土田　剛1961年１月５日生1984年４月当社入社2015年６月株式会社ＩＨＩ物流産業システム 代表取締役社長2020年４月当社産業システム・汎用機械事業領域 副事業領域長2021年４月当社執行役員 産業システム・汎用機械事業領域 副事業領域長2022年４月当社常務執行役員 経営企画部長2023年４月当社副社長執行役員2023年６月当社代表取締役 副社長執行役員（現任）　（注６）3,500代表取締役副社長執行役員盛田　英夫1961年10月20日生1986年４月当社入社2017年４月当社航空・宇宙・防衛事業領域民間エンジン事業部長2018年４月当社執行役員 航空・宇宙・防衛事業領域副事業領域長2021年４月当社常務執行役員 航空・宇宙・防衛事業領域長2021年６月当社取締役 常務執行役員航空・宇宙・防衛事業領域長2024年４月当社代表取締役 副社長執行役員（現任）　（注６）4,200   役職名氏　名生年月日略　歴任　期所有株式数（株）取締役常務執行役員瀬尾　明洋1963年10月21日生1987年４月当社入社2007年12月ALPHA Automotive Technologies LLC 社長2013年４月当社グローバルビジネス統括本部企画管理部長2017年４月当社新事業推進部長2018年４月当社経営企画部長2021年４月当社執行役員 経営企画部長2022年４月当社常務執行役員 人事部長2022年６月当社取締役 常務執行役員 人事部長2024年４月当社取締役 常務執行役員（現任）　（注６）1,100取締役常務執行役員小林　淳1964年５月23日生1988年４月当社入社2018年９月当社ソリューション・新事業統括本部本部長補佐(兼)グローバル・営業統括本部ローマ事務所長2019年４月当社社会基盤・海洋事業領域 事業推進部グローバルビジネスグループ担当部長(兼)ソリューション・新事業統括本部 本部長補佐(兼)グローバル・営業統括本部ローマ事務所長2020年４月当社社会基盤・海洋事業領域副事業領域長(兼)ソリューション・新事業統括本部 本部長補佐(兼)グローバル・営業統括本部ローマ事務所長2021年４月当社執行役員 ソリューション統括本部長2023年４月当社常務執行役員 事業開発統括本部長2023年６月当社取締役 常務執行役員事業開発統括本部長（現任）　（注６）600取締役執行役員福本　保明1966年９月８日生1990年４月当社入社2014年４月当社財務部財務決算グループ担当部長2018年６月当社経営企画部グループ戦略グループ主幹2020年４月当社財務部財務決算グループ担当部長2021年４月当社財務部長2022年４月当社執行役員 財務部長2023年６月当社取締役 執行役員 財務部長（現任）　（注６）1,000取締役常務執行役員森岡　典子1964年４月23日生1987年４月当社入社2016年４月当社航空宇宙事業本部技術開発センターエンジン技術部将来技術プロジェクトグループ担当部長2018年４月当社ソリューション・新事業統括本部新事業推進部長(兼)航空・宇宙・防衛事業領域技術開発センター副所長2020年４月当社執行役員ソリューション・新事業統括本部 副本部長2021年４月当社執行役員 戦略技術統括本部 副本部長2023年４月当社常務執行役員 戦略技術統括本部長2024年６月当社取締役 常務執行役員戦略技術統括本部長（現任）　（注６）1,900   役職名氏　名生年月日略　歴任　期所有株式数（株）取締役中西　義之1954年11月３日生1978年４月大日本インキ化学工業株式会社（現ＤＩＣ株式会社）入社2010年４月同社執行役員 経営戦略部門川村記念美術館担当2011年６月同社取締役 執行役員 経営戦略部門ＤＩＣ川村記念美術館担当2012年４月同社代表取締役 社長執行役員2018年１月同社取締役会長2020年６月当社取締役（現任）2021年１月ＤＩＣ株式会社 取締役2021年３月同社相談役　（注６）1,300取締役松田 千恵子1964年11月18日生1987年４月株式会社日本長期信用銀行入行1998年10月ムーディーズジャパン株式会社入社2001年９月株式会社コーポレイトディレクションパートナー2006年５月マトリックス株式会社 代表取締役2006年10月ブーズ・アンド・カンパニー株式会社ヴァイスプレジデント（パートナー）2011年４月東京都立大学 経済経営学部 教授（現任）同大学院 経営学研究科 教授（現任）2020年６月当社取締役（現任）　（注６）2,200取締役碓井　稔1955年４月22日生1979年11月信州精器株式会社（現セイコーエプソン株式会社）入社2002年６月同社取締役 情報画像事業本部副事業本部長2004年11月同社取締役 研究開発本部副本部長(兼)情報画像事業本部副事業本部長2005年11月同社取締役 生産技術開発本部長2007年７月同社取締役 研究開発本部長(兼)生産技術開発本部長2007年10月同社常務取締役 研究開発本部長(兼)生産技術開発本部長2008年６月同社代表取締役社長2020年４月同社取締役会長2021年６月当社取締役（現任）2024年６月セイコーエプソン株式会社 相談役（現任）　（注６）3,600取締役内山　俊弘1958年11月28日生1981年４月日本精工株式会社入社2008年６月同社執行役 経営企画本部副本部長2009年６月同社執行役 経営企画本部長2010年６月同社執行役常務 経営企画本部長2012年６月同社取締役 執行役常務 経営企画本部長2013年６月同社取締役 代表執行役専務コーポレート経営本部長2015年６月同社取締役 代表執行役社長2017年６月同社取締役 代表執行役社長 最高経営責任者2021年４月同社取締役会長2022年６月当社取締役（現任）2023年６月日本精工株式会社 相談役（現任）　（注６）600   役職名氏　名生年月日略　歴任　期所有株式数（株）常勤監査役丸山　誠司1962年８月４日生1985年４月当社入社2008年12月当社内部統制室長2010年４月当社内部監査部長2012年４月当社回転機械セクター管理部長2014年４月当社財務部税務・海外経理グループ担当部長2018年４月当社財務部次長2019年４月当社財務部長2021年４月当社財務部フェロー2021年６月当社常勤監査役（現任）　（注７）3,300常勤監査役宝蔵寺　多恵1967年７月28日生1991年４月当社入社2015年４月当社法務部安全保障輸出管理グループ 担当部長2019年４月当社人事部採用グループ 担当部長2022年４月当社内部監査部長2024年４月当社内部監査部フェロー2024年６月当社常勤監査役（現任）　（注８）1,400監査役関根　愛子1958年５月13日生1981年４月シティバンク  エヌ・エイ東京支店入行1985年10月青山監査法人入所1989年３月公認会計士登録2006年９月あらた監査法人（現ＰｗＣ Ｊａｐａｎ有限責任監査法人）代表社員2007年７月日本公認会計士協会 常務理事2010年７月同協会 副会長2016年７月同協会 会長2019年７月同協会 相談役（現任）2020年１月IFRS財団 IFRS諮問会議メンバー（現任）2020年６月当社監査役（現任）2020年９月早稲田大学商学学術院 教授（現任）2020年10月国際評価基準審議会 評議員（現任）　（注８）0監査役早稲田　祐美子1960年１月29日生1985年４月弁護士登録，マックス法律事務所(現森・濱田・松本法律事務所）入所2004年４月第二東京弁護士会副会長2005年４月日本弁護士連合会常務理事2013年４月東京六本木法律特許事務所 パートナー（現任）2016年４月第二東京弁護士会会長日本弁護士連合会副会長2020年８月公益財団法人日弁連法務研究財団専務理事（現任）2021年６月当社監査役（現任）　（注７）0   役職名氏　名生年月日略　歴任　期所有株式数（株）監査役武藤　和博1963年２月14日生1985年４月日本アイ・ビー・エム株式会社 入社2009年１月同社執行役員 金融第二事業部長2014年１月同社常務執行役員 金融第二事業部長2014年８月同社常務執行役員 システム製品事業本部長2015年２月同社常務執行役員 ＩＢＭシステムズ・ハードウェア事業本部長2016年７月同社専務執行役員 ＩＢＭシステムズ・ハードウェア事業本部長2018年９月同社専務執行役員 パナソニック・エンタープライズ事業部長2023年１月同社顧問2023年６月当社監査役（現任）2023年８月日本オラクル株式会社 Vice President クラウド・アプリケーション統括2024年３月同社専務執行役員 （現任）　（注９）2,000合　　　計53,100 （注）１.　最高経営責任者，副社長執行役員，常務執行役員は執行役員の役位です。２.　上記の役員のうち，社外取締役は，中西義之，松田千恵子，碓井稔，内山俊弘の４名であり，各氏を，当社が上場する東京証券取引所に独立役員として届け出ています。３.　上記の役員のうち，社外監査役は，関根愛子，早稲田祐美子，武藤和博の３名であり，各氏を，当社が上場する東京証券取引所に独立役員として届け出ています。４.　所有株式数は，単元未満株式を切捨て表示しています。５.　当社は，経営監視・監督体制と業務執行体制の区分を明確化し，経営機構におけるガバナンス機能とマネジメント機能の強化を目的として，執行役員制度を導入しています。なお，提出日現在の執行役員は下表のとおりです。６.　2024年６月26日開催の定時株主総会における選任後１年以内に終了する事業年度のうち最終のものに関する定時株主総会の終結の時まで。７.　2021年６月24日開催の定時株主総会における選任後４年以内に終了する事業年度のうち最終のものに関する定時株主総会の終結の時まで。８.　2024年６月26日開催の定時株主総会における選任後４年以内に終了する事業年度のうち最終のものに関する定時株主総会の終結の時まで。９.　2023年６月23日開催の定時株主総会における選任後４年以内に終了する事業年度のうち最終のものに関する定時株主総会の終結の時まで。 10.　当社は，取締役がその機能を十分に発揮するとともに，当社グループの経営理念と将来のありたい姿を実現するために必要となる専門性と経験を整理しています。以下の一覧表は，各取締役・監査役に特に期待されるスキルを３つまで記載しており，各人のすべての専門性や経験を表すものではありません。 氏名企業経営技術研究開発グローバルビジネス営業マーケティングICTDX人事人財育成財務会計ファイナンス法務コンプライアンスリスク管理取締役満岡　次郎○○     ○井手　博○ ○○    土田　剛○   ○  ○盛田　英夫 ○○     瀬尾　　明洋     ○ ○小林　淳  ○○    福本　保明      ○ 森岡　典子 ○      社外取締役中西　義之○ ○○    松田　千恵子     ○○○碓井　稔○○○     内山　俊弘○ ○○    監査役丸山　誠司      ○ 宝蔵寺　多恵       ○社外監査役関根　愛子      ○ 早稲田　祐美子       ○武藤　和博  ○○○      提出日現在の執行役員男性　20名　女性　３名　（執行役員のうち女性の比率　13.04％） 役　位氏　名主要担当業務○最高経営責任者井手　　博 ○副社長執行役員土田　　剛グループ調達担当，グループＤＸ担当○副社長執行役員盛田　英夫グループ経済安全保障担当，グループ品質保証・設計プロセス担当，グループ生産拠点戦略担当 常務執行役員川上　剛司社会基盤事業領域長 常務執行役員武田　孝治資源・エネルギー・環境事業領域長○常務執行役員瀬尾　明洋グループ人財・人事・総務担当，グループ安全・衛生担当，グループＥＳＧ担当 常務執行役員久保田　伸彦グループ技術担当，技術開発本部長○常務執行役員森岡　典子戦略技術統括本部長○常務執行役員小林　　淳事業開発統括本部長 常務執行役員二瓶　　清産業システム・汎用機械事業領域長 常務執行役員浜田　義一株主総会・取締役会関連事項担当，グループ法務担当，グループコンプライアンス担当，経営企画部長 常務執行役員福岡　千枝高度情報マネジメント統括本部長 常務執行役員佐藤　　篤航空・宇宙・防衛事業領域長 執行役員小澤　幸久ものづくりシステム変革本部長 執行役員前田　　剛社会基盤事業領域 副事業領域長 執行役員田畑　正太朗グループ営業担当，営業統括本部長○執行役員福本　保明グループ財務担当，財務部長 執行役員田中　孝夫事業開発統括本部 副本部長，米州統括拠点長 執行役員上田　和哉社会基盤事業領域 副事業領域長，株式会社ＩＨＩインフラシステム代表取締役社長 執行役員Bernd Bahlke産業システム・汎用機械事業領域 副事業領域長 執行役員仲俣　千由紀航空・宇宙・防衛事業領域 副事業領域長 執行役員山本　建介事業開発統括本部 副本部長，資源・エネルギー・環境事業領域 副事業領域長 執行役員小澤　典明資源・エネルギー・環境事業領域 副事業領域長（注）　○印は取締役を示しています。 ②　社外役員の状況・当社は，当社の業務執行に対する客観的視点での助言，監査・監督機能を確保することを目的とし，社外取締役（４名）及び社外監査役（３名）を選任しています。・東京証券取引所が規定する独立役員の要件を踏まえ，社外取締役及び社外監査役の独立性を実質面において担保することを主眼にした「社外役員独立性判断基準」を策定しています。・当社の社外取締役及び社外監査役はいずれも，国内金融商品取引所の規定する社外役員の独立性基準に抵触しておらず，一般株主と利益相反が生じるおそれがないと判断し，当社が上場している東京証券取引所に独立役員として届け出ています。・各社外取締役及び社外監査役の独立役員の属性並びに選任理由については，以下のとおりです。 氏名独立役員の属性選任理由中西　義之　当社グループは，同氏が過去に業務執行者であったDIC株式会社との間に，産業機械の保守，販売等の取引関係がありますが，その取引金額は当社連結売上収益の0.1％未満かつDIC株式会社の連結売上高の0.1％未満（直近事業年度実績）と僅少であることから，独立性に影響を与えるものではありません。　同氏は，グローバル化学メーカーの製品及びサービスの販売に関する経験を経て，同社の重要事業の運営に携わった後，経営トップとして事業環境の変化に対応した様々な施策を推進するなど，企業経営全般に関する豊富な経験と実績及び幅広い見識を有しています。引き続き，それらを当社の経営に反映していただくとともに，独立した立場から経営の監視・監督機能を発揮していただくため，社外取締役に選任しています。　また，同氏は，東京証券取引所の規定する独立性基準及び当社が定める社外役員独立性判断基準に抵触しておらず，一般株主と利益相反が生じるおそれがないと判断し，同氏を独立役員として選任しています。松田　千恵子　該当事項はありません。　同氏は，金融・資本市場業務及び経営コンサルティング業務を通じた豊富な経験と知見，また，企業戦略・財務戦略に関する研究者としての非常に高い専門性を有しているほか，複数社の社外役員としての幅広い見識を有しています。引き続き，これらの経験や見識を当社の経営に反映していただくとともに，独立した立場から経営の監視・監督機能を発揮していただくため，社外取締役に選任しています。　また，同氏は，東京証券取引所の規定する独立性基準及び当社が定める社外役員独立性判断基準に抵触しておらず，一般株主と利益相反が生じるおそれがないと判断し，同氏を独立役員として選任しています。碓井　稔　当社グループは，同氏が過去に業務執行者であったセイコーエプソン株式会社との間に，発電機器の保守，販売等の取引関係がありますが，その取引金額は当社連結売上収益の0.1％未満かつセイコーエプソン株式会社の連結売上収益の0.1％未満（直近事業年度実績）と僅少であることから，独立性に影響を与えるものではありません。　同氏は，グローバルに事業を展開する精密電子機器メーカーで技術開発分野の責任者等を経た後に，経営トップとして事業環境の変化に対応した様々な施策を推進するなど，企業経営全般に関する豊富な経験と実績及び幅広い見識を有しています。引き続き，それらを当社の経営に反映していただくとともに，独立した立場から経営の監視・監督機能を発揮していただくため，社外取締役に選任しています。　また，同氏は，東京証券取引所の規定する独立性基準及び当社が定める社外役員独立性判断基準に抵触しておらず，一般株主と利益相反が生じるおそれがないと判断し，同氏を独立役員として選任しています。内山　俊弘　当社グループは，同氏が過去に業務執行者であった日本精工株式会社との間に，産業機械の保守，航空機部品の仕入れ等の取引関係がありますが，その取引金額は当社連結売上収益の0.1％未満かつ日本精工株式会社の連結売上高の0.2％未満（直近事業年度実績）と僅少であることから，独立性に影響を与えるものではありません。　同氏は，グローバルに事業を展開する精密機械メーカーで製品やサービスの販売，海外現地法人での生産改革などに取り組んだ後に，経営トップとして事業環境の変化に対応した様々な施策を推進するなど，企業経営全般に関する豊富な経験と幅広い見識を有しています。引き続き，それらを当社の経営に反映していただくとともに，独立した立場から経営の監視・監督機能を発揮していただくため，社外取締役に選任しています。　また，同氏は，東京証券取引所の規定する独立性基準及び当社が定める社外役員独立性判断基準に抵触しておらず，一般株主と利益相反が生じるおそれがないと判断し，同氏を独立役員として選任しています。  氏名独立役員の属性選任理由関根　愛子　該当事項はありません。　同氏は，監査法人の代表社員や日本公認会計士協会の会長としての豊富な経験と見識に加え，社外役員としての豊富な経験も有しています。このような経験と見識を独立した立場から当社の経営監査に反映していただくため，社外監査役に選任しています。　また，同氏は，東京証券取引所の規定する独立性基準及び当社が定める社外役員独立性判断基準に抵触しておらず，一般株主と利益相反が生じるおそれがないと判断し，同氏を独立役員として選任しています。早稲田　祐美子　該当事項はありません。　同氏は，弁護士としての豊富な経験及び見識，特に知的財産法について極めて高い専門性を有しており，社外監査役としての豊富な経験も有しています。このような経験と見識を，独立した立場から当社の経営監査に反映していただくため，社外監査役に選任しています。　また，同氏は，東京証券取引所の規定する独立性基準及び当社が定める社外役員独立性判断基準に抵触しておらず，一般株主と利益相反が生じるおそれがないと判断し，同氏を独立役員として選任しています。武藤　和博　当社グループは，同氏が過去に業務執行者であった日本アイ・ビー・エム株式会社との間に，システム開発支援の委託などの取引がありますが，その取引金額は当社連結売上収益の0.1％未満かつ日本アイ・ビー・エム株式会社の売上高の0.1％未満（直近事業年度実績）と僅少であることから，独立性に影響を与えるものではありません。 　また，当社グループは，同氏が業務執行者を務める日本オラクル株式会社との間に，システム保守の委託などの取引関係がありますが，その取引金額は当社連結売上収益の0.1％未満かつ日本オラクル株式会社の連結売上高の0.1％未満（直近事業年度実績）と僅少であることから，独立性に影響を与えるものではありません。　同氏は，世界規模で活動するIT企業の日本法人の経営幹部として，海外事業を含め，事業環境の変化に対応した様々な施策を推進するなど，企業経営全般に関する豊富な経験と実績及び幅広い見識を有しています。このような経験と見識を，独立した立場から当社の経営監査に反映していただくため，社外監査役に選任しています。　また，同氏は，東京証券取引所の規定する独立性基準及び当社が定める社外役員独立性判断基準に抵触しておらず，一般株主と利益相反が生じるおそれがないと判断し，同氏を独立役員として選任しています。  ③　社外取締役又は社外監査役による監督又は監査と内部監査，監査役監査及び会計監査との相互連携並びに内部統制部門との関係・当社は，社外取締役及び社外監査役に対して，取締役会及び監査役会での「内部監査部」からの随時の内部監査実施状況の報告に加え，事前説明及び日常的な情報交換等を行なっています。・社外監査役は，監査役会において，会計監査人と定期的に情報や意見交換を行なうとともに，監査結果の報告を受けるなど緊密な連携をとっています。 
貸借対照表	①【貸借対照表】  (単位：百万円) 前事業年度(2023年３月31日)当事業年度(2024年３月31日)資産の部  流動資産  現金及び預金56,63654,760受取手形797964売掛金188,002252,592契約資産35,72421,732仕掛品199,082221,014原材料及び貯蔵品97,693101,295前払金11,19715,711前払費用4,5815,413未収入金32,33839,339短期貸付金79,29788,539その他6,1115,738貸倒引当金△10,595△10,261流動資産合計700,868796,842固定資産  有形固定資産  建物（純額）※２ 98,147※２ 90,981構築物（純額）7,1977,580船渠・船台（純額）0－機械及び装置（純額）※２ 23,856※２ 22,238船舶（純額）32車両運搬具（純額）※２ 123114工具器具備品（純額）※２ 13,07816,447土地43,965※２ 45,575リース資産（純額）6,3026,161建設仮勘定8,89510,770有形固定資産合計201,570199,871無形固定資産  特許使用権641431借地権3232施設利用権2911ソフトウエア14,77317,520リース資産158138その他6767無形固定資産合計15,70218,201    (単位：百万円) 前事業年度(2023年３月31日)当事業年度(2024年３月31日)投資その他の資産  投資有価証券※１ 16,214※１ 19,699関係会社株式177,130176,701関係会社社債－※１ 2,000出資金1,1461,182関係会社出資金※１ 23,149※１ 24,263長期貸付金2,0213,605繰延税金資産63,57985,350その他68,24372,046貸倒引当金△447△9,088投資その他の資産合計351,037375,761固定資産合計568,310593,835資産合計1,269,1791,390,678負債の部  流動負債  支払手形59－買掛金98,362107,967短期借入金182,880221,663１年内償還予定の社債10,00010,000リース債務2,4272,374未払金26,31431,977未払費用32,43633,788未払法人税等1,81762契約負債102,35295,065返金負債38,641192,679預り金1,0861,606賞与引当金11,4539,976役員賞与引当金1,111808保証工事引当金3,7693,330受注工事損失引当金1,7752,204その他2,3837,756流動負債合計516,871721,260    (単位：百万円) 前事業年度(2023年３月31日)当事業年度(2024年３月31日)固定負債  社債70,00060,000長期借入金166,000197,300リース債務4,6504,605預り敷金・保証金12,32412,041退職給付引当金104,448103,104関係会社損失引当金5,522155資産除去債務4,6684,719その他44,69532,319固定負債合計412,309414,246負債合計929,1801,135,507純資産の部  株主資本  資本金107,165107,165資本剰余金  資本準備金54,52054,520その他資本剰余金413資本剰余金合計54,52554,534利益剰余金  利益準備金6,0836,083その他利益剰余金  固定資産圧縮積立金6,2455,918特定事業再編投資損失準備金485485繰越利益剰余金172,01884,316利益剰余金合計184,83396,804自己株式△8,746△8,589株主資本合計337,777249,915評価・換算差額等  その他有価証券評価差額金1,9225,166繰延ヘッジ損益1293評価・換算差額等合計2,0515,170新株予約権16885純資産合計339,998255,170負債純資産合計1,269,1791,390,678
損益計算書	②【損益計算書】  (単位：百万円) 前事業年度(自　2022年４月１日　至　2023年３月31日)当事業年度(自　2023年４月１日　至　2024年３月31日)売上高※１ 535,285※１ 428,548売上原価※１ 428,570※１ 460,522売上総利益又は売上総損失（△）106,714△31,974販売費及び一般管理費※２ 78,687※２ 89,729営業利益又は営業損失（△）28,027△121,704営業外収益  受取利息及び受取配当金※１ 37,529※１ 33,212為替差益－3,799その他※１ 4,213※１ 2,429営業外収益合計41,74239,440営業外費用  支払利息※１ 1,269※１ 1,536為替差損4,271－遊休資産管理費－859その他※１ 7,203※１ 5,246営業外費用合計12,7447,642経常利益又は経常損失（△）57,025△89,906特別利益  固定資産売却益※３ 5,206※３ 6,807特別利益合計5,2066,807特別損失  関係会社債権放棄損－12,008関係会社出資金評価損－7,859関係会社株式評価損－967関係会社損失引当金繰入額4,358－特別損失合計4,35820,834税引前当期純利益又は税引前当期純損失（△）57,873△103,934法人税，住民税及び事業税4,748△8,115法人税等調整額1,850△22,979法人税等合計6,598△31,094当期純利益又は当期純損失（△）51,275△72,840
キャッシュ・フロー計算書	
