項目	値
事業の内容	３【事業の内容】　当社グループは、2023年11月30日現在、当社及び子会社８社（株式会社エスプールヒューマンソリューションズ、株式会社エスプールプラス、株式会社エスプールロジスティクス、株式会社エスプールリンク、株式会社エスプールセールスサポート、株式会社エスプールグローカル、ブルードットグリーン株式会社、世霹股份有限公司（Shipeee））により構成されております。当社グループの事業における当社及び当社子会社の位置付け、並びにセグメントとの関連は、次のとおりであります。なお、セグメントと同一の区分であります。 ［ビジネスソリューション事業］　ビジネスソリューション事業では、シニアや障がい者など潜在労働力の活用を支援するサービスや、企業の業務の一部を受託するアウトソーシングサービスを提供しています。前者においては、株式会社エスプールプラスが、障がい者の就労に適した農園を企業に貸し出し、主に知的障がい者の採用・教育から定着までを支援するサービスを行っています。株式会社エスプールでは、様々な経験やノウハウを有するシニアを企業の経営課題や業務課題の解決に役立てるサービスを提供しています。　後者のアウトソーシングサービスでは、株式会社エスプールロジスティクスが、通販商品の発送を代行する物流サービスを行っています。株式会社エスプールリンクは、アルバイトやパートの採用業務の一部を代行するサービスを提供しており、株式会社エスプールセールスサポートでは、対面型の会員獲得業務や販売促進業務を行っています。ブルードットグリーン株式会社は、温室効果ガス（ＧＨＧ）排出量の算定や環境情報の開示に関するコンサルティング、カーボンオフセット仲介など、企業の環境経営を支援するサービスを提供しています。株式会社エスプールグローカルでは、複数の自治体の行政業務を一括で受託する広域行政ＢＰＯサービスを行っています。 ［人材ソリューション事業］　人材ソリューション事業は、人材派遣サービスを主力とする株式会社エスプールヒューマンソリューションズが提供するサービスで、コールセンター等のオフィスサポート業務とスマートフォンや家電製品等の店頭販売支援業務、ホテル業など接客業務に関する人材サービスを展開しています。サービスの特徴は、フィールドコンサルタント（ＦＣ）と呼ばれる同社の従業員と派遣スタッフをチームで派遣する「グループ型派遣」の形態を採用している点になります。派遣先に常駐するＦＣが派遣スタッフを現場で手厚くフォローすることで、未経験者を短期間で育成できるだけでなく定着率の向上にもつながり、顧客満足度の向上とシェア拡大につながっています。 （事業系統図） 
経営方針、経営環境及び対処すべき課題等	１【経営方針、経営環境及び対処すべき課題等】　当社グループの経営方針、経営環境及び対処すべき課題等は、以下のとおりであります。　なお、文中における将来に関する事項は、本書提出日現在において当社グループが判断したものであります。(1）会社経営の基本方針　当社グループは、「アウトソーシングの力で企業変革を支援し、社会課題を解決する」を企業理念に掲げ、事業活動を通じて社会課題を解決するソーシャルビジネスを推進することで、新たな社会的価値を創造し必要不可欠な存在となることを目標としております。経営面では、ポートフォリオ経営を基本方針とし、社会貢献性及び付加価値の高い事業を異なる事業領域で複数展開していくことで、いかなる外部環境の変化にも負けない企業体となることを目指しております。 (2）目標とする経営指標　当社グループは、付加価値の高い事業を展開することを経営の基本方針としており、その一つの指標として営業利益率10％以上の維持を目標としております。また、継続的な企業価値の向上と、それを通じた株主還元に積極的に取り組むこととしており、連結配当性向30％以上とすることを目指しております。 (3）中長期的な経営戦略　当社グループでは、次の10年の成長を見据えた新たな事業戦略を推し進めてまいります。当社グループの中でも、優良な顧客基盤を有し、高い成長が期待できる「障がい者雇用支援サービス」、「環境経営支援サービス」、「広域行政ＢＰＯサービス」を重点注力分野としてまいります。それぞれの分野では、既存サービスの深化によるオーガニック成長に加え、新規事業開発やＭ＆Ａを通じて事業領域を拡大していくことで新たな成長を追求してまいります。障がい者雇用支援サービスについては、これまでの農園型のサービスに加え、障がい者の特性に合わせて多様な働き方を可能とするサービスの開発にも取り組んでまいります。環境経営支援サービスでは、環境分野のコンサルティングメニューの拡充に加え、ＩＳＳＢやＥＳＧ評価対応の支援など、事業領域をサステナビリティ全般に広げてまいります。広域行政ＢＰＯサービスにおいては、地方自治体ネットワークを活用し、事業承継や行政ＭａａＳ、移住・定住など地方創生をテーマにしたサービスの開発に取り組んでまいります。 (4）優先的に対処すべき事業上及び財務上の課題　現状・今後の経営環境を踏まえ、以下、当社グループが中長期観点から対処すべき課題を記載します。 ①　既存事業の継続的な発展　当社グループは、持続的な成長を実現するには安定的な収益基盤を構築することが重要であると考えております。その根幹となる既存事業においては、現在の事業領域で継続的な収益を確保しつつ、派生事業の開発に取り組むことで収益構造の多様化を進めてまいります。また、長期的視点での成長を確実なものとするために、既存サービスの継続的な改善及び高付加価値化によって競争優位性を着実に高め、お客様との強固な関係の構築に取り組んでまいります。 ②　主力事業への依存度の軽減　当社グループの営業利益の構成比は、障がい者雇用支援サービスと人材派遣サービスの主力２事業で88.6％を占めております。環境変化等により主力事業の収益が悪化した場合には、業績に大きな影響を与える可能性があることから、新たな収益の柱の構築が必要であると認識しております。具体的には、ロジスティクスアウトソーシングサービスをはじめとした既存事業のより一層の推進を図るとともに、市場拡大が期待できる自治体向けのＢＰＯサービス領域や環境ビジネス領域など新たな事業領域での成長機会の獲得を目指してまいります。 ③　優秀な人材の採用・育成　「社員の成長が会社の成長につながる」という方針のもと、当社グループのビジョンに共鳴する優秀な人材を採用し育成していくことが重要であると考えております。社会変化や課題を敏感に察知し、主体的に解決に取り組むことのできる人材を積極的に採用していくために、社会的意義のある事業（ソーシャルビジネス）のより一層の推進はもとより、若手を中心とした次世代リーダーの育成にも注力してまいります。 ④　多様な人材の活躍促進　多様な人材が高い意欲を持ち長期的に活躍できる環境を構築することが企業の競争力を高める上で重要であると考えております。そのためにキャリアチャレンジ制度やカンパニー制など社員の挑戦を後押しする制度や、従業員持株会の奨励金100％付与（積立金額に対して同額の奨励金を会社から支給）や保健室を中心とした健康経営の推進など、長期的に安心して働くことができる仕組みの導入など、環境整備に注力しております。 
事業等のリスク	３【事業等のリスク】　有価証券報告書に記載した事業の状況、経理の状況等に関する事項のうち、経営者が連結会社の財政状態、経営成績及びキャッシュ・フローの状況に重要な影響を与える可能性があると認識している主要なリスクは、以下のとおりであります。　また、必ずしも事業上のリスクに該当しない事項についても、投資判断上、重要であると考えられる事項については、投資家に対する情報開示の観点から積極的に記載しております。なお、当社グループは、これらのリスク発生の可能性を認識した上で、発生の回避及び発生した場合の対応に努める方針でありますが、当社株式に関する投資判断は、以下の事業等のリスク及び本項以外の記載事項を、慎重に検討した上で行われる必要があります。また、以下の記載は当社グループの事業もしくは当社株式への投資に関するリスクを完全に網羅するものではありませんので、その点ご注意ください。　なお、文中における将来に関する事項は、本書提出日現在において当社グループが判断したものであります。 ①　事業の許認可について　当社グループの人材派遣サービスは、労働者派遣法（労働者派遣事業の適正な運営の確保及び派遣労働者の保護等に関する法律）に基づく労働者派遣事業として厚生労働大臣の許可を受けています。労働者派遣法は、労働者派遣事業の適正な運営を確保するために、派遣事業を行う事業主が、派遣元事業主としての欠格事由に該当したり、労働者派遣法もしくは職業安定法の規定またはこれらの規定に基づく命令処分に違反したりする場合には、事業の許可を取り消され、または事業の全部もしくは一部の停止を命じられる旨を定めております。本許可には有効期限があり、株式会社エスプールヒューマンソリューションズの労働者派遣事業許可の有効期限は2027年11月30日となっております。株式会社エスプールヒューマンソリューションズでは担当部署を配置して本許可の円滑な更新に努めるとともに、日々の業務における法令遵守のための社内フローの整備や、その遵守状況のチェック体制を整えて法令リスク管理に努めております。　本書提出日現在、本許可が取り消しとなる事由は発生しておりませんが、万一、将来何らかの理由により法令違反に該当し、労働者派遣事業の許可取り消しや当該業務の全部または一部の停止の命令を受けた場合や許可の有効期間満了後に許可が更新されない場合には、労働者派遣事業を営むことができず、当社グループの事業運営に重大な影響を与える可能性があります。　また、職業安定法に基づく有料職業紹介についても労働者派遣法と同様の取り扱いがあり、有料職業紹介事業者としての欠格事由に該当したり、当該許可の取消事由に該当したりした場合には、事業の許可を取り消され、または事業の全部もしくは一部の停止を命じられる旨を定めております。本許可には有効期限があり、株式会社エスプールヒューマンソリューションズの有料職業紹介事業許可の有効期限は2027年11月30日、株式会社エスプールプラスの有料職業紹介事業許可の有効期限は2026年４月30日となっております。当社グループでは、許可を取得している会社ごとに担当部署を配置して本許可の円滑な更新に努めるとともに、日々の業務における法令遵守のための社内フローの整備や、その遵守状況のチェック体制を整えて法令リスク管理に努めております。　本書提出日現在、本許可が取り消しとなる事由は発生しておりませんが、万一、将来何らかの理由により法令違反に該当し、事業許可取り消しや当該業務の全部または一部の停止の命令を受けた場合や許可の有効期間満了後に許可が更新されない場合には、有料職業紹介事業を営むことができず、当社グループの業績に影響を与える可能性があります。 ②　法的規制について　当社グループの行う事業に適用のある労働基準法、労働安全衛生法、労働者派遣法、職業安定法、労働者災害補償保険法、健康保険法及び厚生年金保険法、個人情報保護法（個人情報の保護に関する法律）その他関連法令は、労働市場を取り巻く社会情勢の変化に応じて今後も改正、解釈の変更等が想定されます。今後何らかの制度変更が行われた場合、当社グループが行う事業についても、影響を受ける可能性があります。 ③　社会保険・雇用保険について　当社グループは、業務実施にあたる派遣スタッフについて、健康保険法、厚生年金保険法の範囲内で当社グループにて定めた運用方針に基づき、契約形態及び勤務実績に応じて、社会保険（健康保険及び厚生年金保険）や雇用保険に加入させる取り扱いを行っております。　当社グループでは関係法令を遵守しておりますが、今後関係法令やその解釈の変更が行われた場合並びに所轄官庁の判断により指摘を受けた場合、当社グループの業績に影響を与える可能性があります。　また、今後、関連法令の改正や社会情勢の変化等により、当社グループの社会保険負担額や雇用保険負担額が増加する可能性があり、この場合には当社グループの業績に影響を与える可能性があります。 ④　障害者雇用促進法について　当社グループの提供する障がい者雇用支援サービスは、障がい者雇用に積極的に取り組む企業に向けて、雇用の各場面における課題解決を支援するソリューションを提供するものであります。当該サービスの需要は、障害者雇用促進法（障害者の雇用の促進等に関する法律）が規定する企業の障がい者の雇用義務に係る法定雇用率に一定の影響を受けます。障害者雇用促進法が規定する障がい者の雇用に関する法定雇用率は引き上げる方向で継続的に見直しがなされることとなっておりますが、今後の法改正によって雇用義務が緩和されたり、雇用義務そのものがなくなったりした場合には、当社グループの事業運営に重大な影響を与える可能性があります。 ⑤　障がい者雇用支援サービスのビジネスモデルについて　当社グループの提供する障がい者雇用支援サービスは、知的障がい者の就労機会の創出と経済的自立の支援を目指して当社グループが独自に開発したビジネスモデルであります。そのため、当社グループでは事業主管部門と法務部門が連携し、関連諸法規の遵守に万全の態勢で臨んでおりますが、法律の改正、新たな規制、行政指導等によって事業活動が制限される可能性があります。　また、当社グループでは社会課題の解決という高い理念のもとに、法令違反等が生じないよう細心の注意を払って事業活動を行っておりますが、競合他社の模倣等により何らかの理由で当社グループのビジネスモデルの評判が損なわれる可能性、または、当社グループに対する好ましくない風評が立つ可能性があります。　これらの場合には、計画どおりに事業運営を行うことができず、当社グループの業績に重大な影響を与える可能性があります。 ⑥　障がい者雇用支援サービスの運営する農園について　当社グループの提供する障がい者雇用支援サービスにおいては、障がい者を雇用しようとする企業向けの貸農園を運営しております。農園には屋外型と屋内型の２種類があり、外注する工事の発注や進捗管理を担当する専門部署を配置すること等により設備の構築・保守には万全を期して運営しておりますが、台風や地震などの災害や、人為的なミス、事故、設備上の問題、または第三者による不法行為、その他運営上のトラブル等が発生した場合、これらに起因して農園の運営に支障が出る可能性があります。　その場合、信頼性や企業イメージが低下して顧客の維持・獲得が困難になり、当社グループの事業及び業績に影響を与える可能性があります。　また、障がい者雇用支援サービスの成長のためには、運営する企業向け貸農園の新規開設が必要不可欠であります。しかしながら、社内外の要因により企業向け貸農園に適した土地や建物の確保が計画通りに進まない場合には、当社グループの業績に影響を与える可能性があります。 ⑦　個人情報の管理について　当社グループは、事業を行う上で、派遣スタッフ等の個人情報を保有しており、基幹業務システムにて一括管理しております。そしてこれらの個人情報の取り扱いについては、個人情報の保護に関する規程を定め、万全の管理体制を施しており、個人情報保護法その他関連法令の遵守に努めております。また、不正アクセス、破壊及び改ざんに対して、基幹業務システムのセキュリティ投資を積極的に行い、厳正な対策を講じております。　また、当社グループの各事業に従事する社員や、派遣先のコールセンター等で就業する派遣スタッフは、顧客管理下の個人情報や営業機密に触れる機会があります。当社グループでは、顧客の営業機密管理及び漏洩防止のため、全ての社員・派遣スタッフに対して、採用時に守秘義務に関する誓約書を取り付けるほか、集合研修やオンライン研修を通じて定期的に教育・研修を行い、情報の取り扱いの重要性の啓蒙に努めております。　以上のような対策を講じても、個人情報の漏洩や不正使用などの事態が生じた場合、当社グループのイメージの悪化等により、当社グループの事業及び業績に重大な影響を与える可能性があります。 ⑧　新規事業及び新規サービスの立ち上げについて　当社グループでは、中期的な事業方針として環境変化に強い、バランスの取れたポートフォリオ経営の推進を掲げており、今後も環境の変化に応じて柔軟に新規事業や新規サービスを展開して行く所存です。新規事業や新規サービスの展開にあたっては、事前に環境分析や市場分析等を慎重に行ったうえで事業化することとしておりますが、事業着手後、必ずしも計画通りに進むとは限らず、また、予期せぬ事象の発生等により、当社グループの業績に影響を与える可能性があります。 ⑨　事業投資について　当社グループは、環境変化に対応するために、同業または関連する事業分野の企業または事業の買収や投資を積極的に検討・実行しております。企業買収や事業投資の際には、事前のデューデリジェンス等により経営状況や市場動向を調査した上で慎重に進めるとともに、当社グループに合流した後においても、既存の子会社と同様にグループ間の情報共有や既存営業網の共有等を通じて業績を向上させていくよう努めております。しかしながら、社内外の要因により必ずしも見込みどおりに進むとは限らず、買収資産の毀損や収益性の低下によって、のれんや固定資産の減損、関係会社株式評価損等により、当社グループの業績に影響を与える可能性があります。 ⑩　大規模な自然災害及び感染症等の影響について　当社グループは、全国に事業拠点を有しており、自然災害や新型感染症等が発生した場合、事業活動に支障が生じる可能性があります。新型コロナウイルス感染症に関しては重症化リスクの減少等によりその影響は軽減され、社会経済活動の正常化が進みましたが、今後新たに感染症等の流行が生じた場合、社会経済活動に与える影響の度合いによっては、当社グループの業績に影響を与える可能性があります。　また、障がい者雇用支援サービスにおいて運営する貸農園設備について、台風や地震、大雪や豪雨、竜巻等の自然災害による被害が生じ、長期にわたり農園の稼働が困難になった場合には、当社グループの業績に影響を与える可能性があります。 ⑪　情報システム障害について　当社グループでは、全国の事業拠点での運営を円滑に行うため、事業管理活動の多くをコンピュータシステム及びネットワーク網に依存しております。当社グループでは、コンピュータシステムの障害に備えるため、バックアップサーバーの設置を行っております。また地震等の災害に備えるため、外部のデータセンターに運営を委託しております。しかしながら、予期せぬトラブル等によりコンピュータシステムが停止した場合、あるいは、ネットワーク網に障害が発生した場合には、当社グループの業績に影響を与える可能性があります。　また、今後も情報システム投資を積極的に行い、コンピュータシステム及びネットワーク網の安定稼働強化を図っていく計画ですが、これらの投資が収益拡大に直結するとは限らず、投資に見合った利益を上げられない場合、投資資金を回収できない可能性もあります。 ⑫　人材の確保について　当社グループが今後も継続的に成長していくためには優秀な社員や派遣スタッフの確保・育成が重要な要素になります。採用活動においては独自の採用イベントやインターンシップの実施、複数キャリアコースの設定等様々な施策を導入し、派遣スタッフの募集においては募集拠点の増設やＷＥＢ面接システムの導入など、採用方法の多様化を推進しています。また、従業員の育成・定着のために階層別研修やジョブローテーションの実施、健康経営の推進等様々な施策を講じています。しかしながら、これら諸施策が十分な効果が得られずに、計画通りに人材の確保・育成が進まない場合には、当社グループの業績に影響を与える可能性があります。 
経営者による財政状態、経営成績及びキャッシュ・フローの状況の分析	４【経営者による財政状態、経営成績及びキャッシュ・フローの状況の分析】　当社グループは、当連結会計年度よりIFRSを適用しており、前連結会計年度の数値もIFRSに組替えて比較分析を行っております。(1）経営成績等の状況の概要①　経営成績の状況　当連結会計年度のわが国経済は、新型コロナウイルス感染症拡大による行動制限の緩和を受け、消費活動に回復の兆しが見え始めました。一方で、ウクライナ情勢の長期化、原材料・エネルギー価格の高騰による物価上昇の広がり、世界的な金融引締め等による景気後退リスクなど、依然として景気の先行きは不透明な状況が続いております。　そのような中、当社グループは、社会的価値と経済的価値創出の両立を経営の基本方針として、社会貢献性が高く、付加価値の高い事業を複数展開するポートフォリオ経営を推進してまいりました。ビジネスソリューション事業においては、主力の障がい者雇用支援サービスや急成長中の環境経営支援サービスなど、ほぼ全てのサービスが増収となり、売上は堅調な伸びとなりましたが、利益面については、先行投資の影響等により小幅な増加にとどまりました。人材派遣サービスを主力とする人材ソリューション事業においては、インバウンド関連に注力した販売支援業務の売上回復は進んだものの、コールセンター業務のコロナ関連の売上減少の影響が大きく、大幅な減収減益となりました。　以上の結果、当連結会計年度の売上収益は25,784百万円（前連結会計年度比3.3％減）、営業利益は2,777百万円（前連結会計年度比11.5％減）、親会社の所有者に帰属する当期利益は1,730百万円（前連結会計年度比11.5％減）となりました。 　当連結会計年度のセグメント業績（セグメント間内部取引消去前）は以下のとおりであります。 （ビジネスソリューション事業）［事業概要］　ビジネスソリューション事業では、シニアや障がい者など潜在労働力の活用を支援するサービスや、企業の業務の一部を受託するアウトソーシングサービスを提供しています。前者においては、株式会社エスプールプラスが、障がい者の就労に適した農園を企業に貸し出し、主に知的障がい者の採用・教育から定着までを支援するサービスを行っています。株式会社エスプールでは、様々な経験やノウハウを有するシニアを企業の経営課題や業務課題の解決に役立てるサービスを提供しています。　後者のアウトソーシングサービスでは、株式会社エスプールロジスティクスが、通販商品の発送を代行する物流サービスを行っています。株式会社エスプールリンクは、アルバイトやパートの採用業務の一部を代行するサービスを提供しており、株式会社エスプールセールスサポートでは、対面型の会員獲得業務や販売促進業務を行っています。ブルードットグリーン株式会社は、温室効果ガス（ＧＨＧ）排出量の算定や環境情報の開示に関するコンサルティング、カーボンオフセット仲介など、企業の環境経営を支援するサービスを提供しています。株式会社エスプールグローカルでは、複数の自治体の行政業務を一括で受託する広域行政ＢＰＯサービスを行っています。［当連結会計年度の経営成績］　障がい者雇用支援サービスについては、法定雇用率の引き上げを2024年４月に控え、営業活動が活発になりました。類似サービスが増える中で、法令順守をはじめとした適正なサービス提供を重視する機運が追い風となっており、第４四半期の新規受注は過去最高となりました。設備販売に関しても、第４四半期は過去２番目となり、通期計画を上回ることができました。ロジスティクスアウトソーシングサービスにおいては、売上収益は計画通りとなりましたが、利益面に関しては2023年７月に新設した流山センターの開設費用に加え、安定稼働に想定よりも時間と費用を要したため減益となりました。採用支援サービスについては、コロナ禍からの需要回復に加え、サービス業を中心とした人手不足感の強まりが大きな追い風となり、売上収益は過去最高となりました。広域行政ＢＰＯサービスにおいては、営業活動がすでに来年度以降の案件が中心となっていることから、直近の案件の積み上げはなく、当第４四半期の売上収益は第３四半期と同水準で推移しました。通期の売上収益は前期から約５割増となりましたが、営業活動の遅れ等により新センターの稼働率が計画を大きく下回り、わずかながら営業損失が発生しました。環境経営支援サービスについては、ＥＳＧ・サステナビリティへの社会的な意識の高まりを背景に企業の環境対応の取り組みが加速しており、環境情報開示に関連したコンサルティングサービスが大幅な伸びとなりました。　その結果、当連結会計年度の売上収益は12,555百万円（前連結会計年度比23.1％増）、営業利益は3,040百万円（前連結会計年度比3.0％増）となりました。 （人材ソリューション事業）［事業概要］　人材ソリューション事業は、人材派遣サービスを主力とする株式会社エスプールヒューマンソリューションズが提供するサービスで、コールセンター等のオフィスサポート業務とスマートフォンや家電製品等の店頭販売支援業務、ホテル業など接客業務に関する人材サービスを展開しています。サービスの特徴は、フィールドコンサルタント（ＦＣ）と呼ばれる同社の従業員と派遣スタッフをチームで派遣する「グループ型派遣」の形態を採用している点になります。派遣先に常駐するＦＣが派遣スタッフを現場で手厚くフォローすることで、未経験者を短期間で育成できるだけでなく定着率の向上にもつながり、顧客満足度の向上とシェア拡大につながっています。［当連結会計年度の経営成績］　主力のコールセンター向けの人材派遣サービスにおいては、新型コロナウイルス感染症に関連したスポット案件が終了したことにより、大幅な減収となりました。関連業務の終了はほぼ一巡し、第４四半期には売上減少にようやく歯止めがかかりつつある状況がみられましたが、新規案件に対する需要が弱く本格回復には至りませんでした。販売支援業務については、通信キャリア関連の人材派遣ニーズの回復が依然として遅れているため、人手不足が深刻となっているインバウンド関連の営業に注力しました。この取り組みにより、ホテルや空港関連の案件の獲得が進み、回復に転じることができました。　その結果、当連結会計年度の売上収益は13,310百万円（前連結会計年度比19.7％減）、営業利益は1,265百万円（前連結会計年度比24.4％減）となりました。 ②　キャッシュ・フローの状況　当連結会計年度の現金及び現金同等物は166百万円増加し、3,378百万円となりました。各活動によるキャッシュ・フローの状況と要因は以下のとおりです。（営業活動によるキャッシュ・フロー）　当連結会計年度の営業活動によるキャッシュ・フローは、前連結会計年度比72百万円減少の4,097百万円の収入（前連結会計年度は4,169百万円の収入）となりました。これは、税引前利益が前連結会計年度と比較し397百万円減少して2,649百万円であったのに加え、減価償却費及び償却費が2,613百万円、営業債権及びその他の債権の減少が249百万円、及び法人所得税の支払額が1,138百万円あったことによるものです。（投資活動によるキャッシュ・フロー）　当連結会計年度の投資活動によるキャッシュ・フローは、前連結会計年度比1,721百万円増加の4,572百万円の支出（前連結会計年度は2,850百万円の支出）となりました。これは、主に株式会社エスプールプラスの新農園建設等による有形固定資産の取得による支出4,171百万円によるものです。（財務活動によるキャッシュ・フロー）　当連結会計年度の財務活動によるキャッシュ・フローは、640百万円の収入（前連結会計年度は2,045百万円の支出）となりました。収入及び支出の内訳は、短期借入金の追加借入による収入350百万円、長期借入金の追加借入による収入3,000百万円、長期借入金の返済471百万円、リース負債の返済による支出1,605百万円、配当金の支払額631百万円です。 ③　生産、受注及び販売の実績(a）生産実績　当社グループは、主に人材派遣・業務請負を中心とした人材関連アウトソーシング事業を行っており、提供するサービスの性格上、生産実績の記載に馴染まないため、記載しておりません。 (b）受注実績　生産実績と同様の理由により、記載しておりません。 (c）販売実績　当連結会計年度における販売実績をセグメントごとに示すと、次のとおりとなります。セグメントの名称販売高（百万円）前連結会計年度比（％）ビジネスソリューション事業12,555123.1人材ソリューション事業13,31080.3調整額△82－合計25,78496.7（注）　主な相手先別の販売実績及び当該販売実績の総販売実績に対する割合相手先前連結会計年度（2021年12月１日から2022年11月30日まで）当連結会計年度（2022年12月１日から2023年11月30日まで）金額（百万円）割合（％）金額（百万円）割合（％）㈱ベルシステム２４2,71010.22,2798.8 (2）経営者の視点による経営成績等の状況に関する分析・検討内容　本項の全ての財務情報は、本書に記載している連結財務諸表及び財務諸表に基づいております。また、本項に記載した将来に関する事項は、本書提出日現在において判断したものであります。 ①　重要な会計方針並びに重要な会計上の見積り及び当該見積りに用いた仮定　当社グループの連結財務諸表は、「連結財務諸表の用語、様式及び作成方法に関する規則」（以下「連結財務諸表規則」という。）第93条の規定によりIFRSに準拠して作成しております。この連結財務諸表の作成に当たって、必要と思われる見積りは、合理的な基準に基づいて実施しております。　なお、当社グループの連結財務諸表で採用する重要な会計方針、会計上の見積り及び当該見積りに用いた仮定は、「第５　経理の状況　１　連結財務諸表等　(１）連結財務諸表　連結財務諸表注記　「３．重要な会計方針」及び「４．重要な会計上の見積り及び判断」に記載しております。 ②　財政状態　当連結会計年度末の流動資産は、前連結会計年度末から175百万円増加し、7,125百万円となりました。業容拡大に備えて棚卸資産が105百万円増加しております。また、法人所得税の還付に伴い、その他の流動資産に含まれる未収入金が104百万円増加しております。　当連結会計年度末の非流動資産は、前連結会計年度末から7,728百万円増加し、26,254百万円となりました。障がい者雇用支援サービス拡大のため、株式会社エスプールプラスにて、新規農園の建設や既存農園の増設をしており、有形固定資産が3,185百万円増加しました。また、ビジネスソリューション事業の拡大に伴う株式会社エスプールプラス及び株式会社エスプールグローカルの新農園及び拠点の開設により使用権資産が4,023百万円増加しました。　当連結会計年度末の流動負債は、前連結会計年度末から661百万円増加し、9,160百万円となりました。新規事業を含む業容拡大に伴い、追加の借入により借入金が837百万円増加しております。また、ビジネスソリューション事業の拡大に伴うリース負債が279百万円増加しております。一方、人材ソリューション事業の業績低迷に伴い、未払法人所得税が172百万円、その他の流動負債に含まれる未払消費税等が254百万円、それぞれ減少しております。　当連結会計年度末の非流動負債は、前連結会計年度末から6,175百万円増加し、15,724百万円となりました。追加の借入により借入金が2,041百万円、ビジネスソリューション事業の拡大に伴うリース負債が3,743百万円、それぞれ増加しております。　当連結会計年度末の資本は、親会社の所有者に帰属する当期利益により1,730百万円増加し、一方、第23期期末配当により632百万円減少し、8,494百万円となりました。また、有利子負債自己資本比率は233.1％でありました。    前連結会計年度当連結会計年度親会社所有者帰属持分比率29.2％25.5％有利子負債自己資本比率173.8％233.1％ ③　経営成績　当連結会計年度における売上収益は25,784百万円（前連結会計年度比866百万円減）、売上総利益は8,907百万円（前連結会計年度比130百万円増）、販売費及び一般管理費は6,223百万円（前連結会計年度比574百万円増）、営業利益は2,777百万円（前連結会計年度比359百万円減）、親会社の所有者に帰属する当期利益は1,730百万円（前連結会計年度比224百万円減）となっております。 イ　売上収益　事業別の外部顧客に対する売上収益の増減は以下のとおりです。 前連結会計年度（百万円）構成比（％）当連結会計年度（百万円）構成比（％）増減（百万円）前連結会計年度比（％）ビジネスソリューション事業10,14538.112,50248.52,357123.2人材ソリューション事業16,50561.913,28151.5△3,22480.5合計26,650100.025,784100.0△86696.8　事業別でみると、ビジネスソリューション事業が11期連続で前連結会計年度比二桁成長を達成しました。人材ソリューション事業は、前連結会計年度比19.5％減少となり、減収減益となりました。　ビジネスソリューション事業では、主力の障がい者雇用支援サービスは、新農園の建設が順調に進み、増収に大きく貢献しました。また、2021年６月に事業を開始した広域行政ＢＰＯサービスが、急成長して計画を大きく上回りました。その結果、ビジネスソリューション事業全体では23.2％の増収となりました。障がい者雇用支援サービスでは、既存農園の増設の他に新たに９農園を開設して1,446区画の設備を販売し、参画企業は94社増加して606社となりました。当連結会計年度末での稼働農園数は46農園、管理区画数は7,549区画、農園で働く障がい者の人数は3,700名を超え、事業開始以来の雇用定着率は92％を維持しております。　一方、人材ソリューション事業は、コールセンター業務のスポット案件の縮小により、下期に売上が大きく減少しました。また、販売支援業務も需要の回復が追いつかず、苦戦を強いられる結果となりました。これらにより、人材ソリューション事業全体では19.5％の減収となりました。　以上の結果、当連結会計年度の売上収益は、前連結会計年度比866百万円減の25,784百万円となりました。 ロ　売上総利益率　売上総利益率は、前連結会計年度から1.6ポイント増加して34.5％となりました。ビジネスソリューション事業においては、相対的に利益率の高い障がい者雇用支援サービス及び環境経営支援サービスの売上収益が増加しましたが、新規事業である広域行政ＢＰＯサービスの利益率が低下したため、売上総利益率は前連結会計年度から3.0ポイント減少しております。一方、人材ソリューション事業においては、売上減に対応するためコスト削減に努めましたが期待ほどの効果が出ず、売上総利益率が前連結会計年度から1.1ポイント減少しております。  ハ　販売費及び一般管理費　当連結会計年度の販売費及び一般管理費は、前連結会計年度から574百万円増加し、6,223百万円となりました。主な費目別の内訳は以下のとおりです。 前連結会計年度（百万円）売上に対する比率（％）当連結会計年度（百万円）売上に対する比率（％）前連結会計年度比（％）従業員給付費用3,11811.73,35813.0107.7減価償却費及び償却費7382.88423.3114.0登録スタッフ募集費3161.22551.080.7地代家賃・賃借料2420.92611.0107.7その他1,2324.61,5065.8122.2合計5,64921.26,22324.1110.2 　前連結会計年度と比較して、販売費及び一般管理費は574百万円増加しておりますが、その主な要因は、事業拡大に向けた人員の積極的な採用であります。従業員給付費用の増加だけで239百万円と増加額の約４割を占めます。その他、事業の拡大に伴った拠点の拡大移転・新設により地代家賃及び賃借料が増加しております。事業別の販売費及び一般管理費の内訳は以下のとおりです。 前連結会計年度（百万円）当連結会計年度（百万円）前連結会計年度比（％）ビジネスソリューション事業2,5533,359131.6人材ソリューション事業1,7171,30976.2調整額1,3771,555112.9合計5,6496,223110.2その他の損益項目では、採用支援サービス及び広域行政ＢＰＯサービスに係る助成金119百万円をその他の収益に、固定資産除却損14百万円をその他の費用に、それぞれ計上しております。　以上の結果、営業利益は前連結会計年度比359百万円減の2,777百万円となりました。 ニ　金融収益及び費用　金融費用項目には、支払利息122百万円を計上しております。 ホ　次期の見通し　今後のわが国経済の見通しについては、新型コロナウイルス感染症の行動制限が緩和され、経済活動に明るい兆しがあるものの、緊迫する社会情勢や世界的な金融引き締めを背景とした物価高騰などにより、経済の先行きについては依然として不透明な状況にあります。　そのような中、各セグメントにおける2024年11月期の事業戦略については、以下のとおりとなります。　①　ビジネスソリューション事業　障がい者雇用支援サービスについては、法定雇用率の引き上げを控え、更なる需要拡大が見込まれることから、引き続き営業活動に注力してまいります。一方で、障がい者の採用・教育に関しては、従来の新規採用とは別に退職者の補充が課題となっていることから、採用チームの増強を進めるとともに新たな採用チャネルの開拓にも取り組んでまいります。ロジスティクスアウトソーシングサービスにおいては、新センターの安定稼働に一定の目途がついたことから、全センターの満床を目標に営業活動を強化してまいります。採用支援サービスについては、応募受付代行サービスの新規需要の取り込みと、既存顧客を中心とした面接代行サービスの拡販に注力してまいります。広域行政ＢＰＯサービスにおいては、早期の収益改善に向けて既存センターの稼働率向上に最優先で取り組んでまいります。営業活動は、すでに2024年度以降の案件が中心となっているため、上半期は苦戦が続く予定ですが、下半期以降の復活に向けて営業を加速してまいります。環境経営支援サービスについては、企業向けに展開していたカーボンニュートラル支援に関するコンサルティングサービスを自治体にも広げてまいります。営業活動は非常に順調で、既に16自治体からの受注を獲得しました。　②　人材ソリューション事業　コールセンター向けの人材派遣サービスについては、下半期以降にかけて緩やかな需要回復を見込むものの、本格的な回復には時間を要することを想定し、上半期はコストコントロールの徹底と主要顧客との関係強化に取り組んでまいります。No.１戦略に関しては、現在の１社から４社を目標に営業を強化してまいります。販売支援業務については、需要が引き続き高いインバウンド関連業務の拡大に注力してまいります。新規出店については、下半期に２支店の出店を予定しております。 ④　キャッシュ・フローの状況　当連結会計年度は、営業活動によるキャッシュ・フローは4,097百万円の収入（前連結会計年度は4,169百万円の収入）となりました。税引前利益が前連結会計年度に比べて397百万円減少して2,649百万円になったことに加え、減価償却費及び償却費が2,613百万円、営業債権及びその他の債権の減少が249百万円、及び法人所得税の支払額が1,138百万円発生した結果、営業活動によるキャッシュ・フローの収入は前連結会計年度に比べて72百万円減少することとなりました。　投資活動によるキャッシュ・フローは4,572百万円の支出（前連結会計年度は2,850百万円の支出）となりました。これは、拡大が続く障がい者雇用支援サービスを中心に、積極的に実施した設備投資等に伴う有形固定資産の取得による支出4,171百万円によるものです。　財務活動によるキャッシュ・フローは640百万円の収入（前連結会計年度は2,045百万円の支出）となりました。これは、配当金の支払631百万円を実施したことに加え、短期借入金の追加借入350百万円、長期借入金の追加借入3,000百万円、長期借入金の返済471百万円、リース負債の返済による支出1,605百万円によるものです。その結果、有利子負債残高は前連結会計年度末比で6,901百万円増加し、19,826百万円となりました。　当連結会計年度末時点での現金及び現金同等物の残高は3,378百万円であります。今後も、障がい者雇用支援サービスを中心として当連結会計年度以上の投資を予定しております。中期的には現状の利益率が維持できれば、営業キャッシュ・フローの収入によって投資活動によるキャッシュ・フローによる支出を賄えるものと考えておりますが、短期的には営業活動によるキャッシュ・フローの収入が投資活動によるキャッシュ・フローの支出を下回ることもあるものと思われます。しかし、コミットメントライン契約の借入未実行残高も含め、本報告書提出日現在ではこの投資活動を含めた事業遂行に必要な流動性が確保されていると考えております。 ⑤　資本の財源及び資金の流動性　当社グループの資金需要の主なものは、事業投資資金と経常運転資金の２つであります。事業投資資金には、障がい者雇用支援サービスのための農園建設資金、事業買収に係る資金、拠点開設や移転・増床のための資金及びサーバーやソフトウエア等のＩＴ関連投資資金があります。これらのうち、前者の事業投資資金については、営業活動によるキャッシュ・フローである自己資金及び長期借入金による調達を基本とし、状況に応じて銀行からの短期借入金にて対応する等柔軟な調達を行っております。一方、後者の経常運転資金については、自己資金を基本としつつ必要に応じて銀行からの短期借入金により調達しております。　なお、当連結会計年度末における借入金及びリース債務を含む有利子負債の残高は19,826百万円となっております。また、当連結会計年度末における現金及び現金同等物の残高は3,378百万円となっております。　株主還元につきましては、事業投資資金（成長投資）及び経常運転資金（手許現金）を優先させた上で、連結配当性向を30％以上とすることを目標として、安定的な株主還元に努めてまいります。 ⑥　経営方針・経営戦略、経営上の目標の達成状況を判断するための客観的な指標等　当社グループは、持続的な成長と中長期的な企業価値向上を実現するために収益性を重視しております。その指標としましては、連結売上営業利益率10％以上の継続的な維持を目指しています。　当連結会計年度における売上営業利益率は、前連結会計年度から1.0ポイント悪化して10.8％であり、引き続き当該指標の維持・改善に邁進していく所存でございます。 (3）並行開示情報　連結財務諸表規則（第７章及び第８章を除く。以下、「日本基準」）により作成した要約連結財務諸表は、以下のとおりであります。　なお、日本基準により作成した当連結会計年度の要約連結財務諸表については、金融商品取引法第193条の２第１項の規定に基づく監査を受けておりません。 ①　要約連結貸借対照表（日本基準）（単位：百万円）  前連結会計年度（2022年11月30日）当連結会計年度（2023年11月30日）資産の部  流動資産7,0567,270固定資産  有形固定資産9,12812,251無形固定資産60130投資その他の資産7841,262固定資産合計9,97313,643資産合計17,03020,914   負債の部  流動負債7,1767,529固定負債2,4244,563負債合計9,60112,093   純資産の部  株主資本7,4378,831その他の包括利益累計額0△0非支配株主持分△8△9純資産合計7,4298,821負債純資産合計17,03020,914 ②　要約連結損益計算書及び要約連結包括利益計算書（日本基準）要約連結損益計算書（単位：百万円）  前連結会計年度（自　2021年12月１日至　2022年11月30日）当連結会計年度（自　2022年12月１日至　2023年11月30日）売上高26,65025,784売上原価17,90916,945売上総利益8,7418,838販売費及び一般管理費5,6496,222営業利益3,0912,616営業外収益59121営業外費用3253経常利益3,1182,684特別利益310特別損失24143税金等調整前当期純利益2,9082,641法人税等合計1,075616当期純利益1,8332,024非支配株主に帰属する当期純利益又は非支配株主に帰属する当期純損失（△）24△1親会社株主に帰属する当期純利益1,8092,026 要約連結包括利益計算書（単位：百万円）  前連結会計年度（自　2021年12月１日至　2022年11月30日）当連結会計年度（自　2022年12月１日至　2023年11月30日）当期純利益1,8332,024その他の包括利益0△0包括利益1,8332,023（内訳）  親会社株主に係る包括利益1,8092,025非支配株主に係る包括利益24△1 ③　要約連結株主資本等変動計算書（日本基準）前連結会計年度（自　2021年12月１日　至　2022年11月30日）（単位：百万円）  株主資本その他の包括利益累計額非支配株主持分純資産合計当期首残高6,0780276,106当期変動額合計1,359△0△361,323当期末残高7,4370△87,429 当連結会計年度（自　2022年12月１日　至　2023年11月30日）（単位：百万円）  株主資本その他の包括利益累計額非支配株主持分純資産合計当期首残高7,4370△87,429当期変動額合計1,393△1△11,391当期末残高8,831△0△98,821 ④　要約連結キャッシュ・フロー計算書（日本基準）（単位：百万円）  前連結会計年度（自　2021年12月１日至　2022年11月30日）当連結会計年度（自　2022年12月１日至　2023年11月30日）営業活動によるキャッシュ・フロー2,8622,522投資活動によるキャッシュ・フロー△2,839△4,572財務活動によるキャッシュ・フロー△7482,215現金及び現金同等物の増減額（△は減少）△725166現金及び現金同等物の期首残高3,9383,212現金及び現金同等物の期末残高3,2123,378 ⑤　連結財務諸表作成のための基本となる重要な事項の変更（日本基準） 前連結会計年度（自　2021年12月１日　至　2022年11月30日）（連結の範囲に関する事項）新たに会社分割により設立した株式会社エスプールグローカルを連結の範囲に含めております。 （収益認識に関する会計基準等の適用）　「収益認識に関する会計基準」（企業会計基準第29号　2020年３月31日。以下「収益認識会計基準」という。）等を当連結会計年度の期首から適用し、約束した財又はサービスの支配が顧客に移転した時点で、当該財又はサービスと交換に受け取ると見込まれる金額で収益を認識することとしております。　当社グループにおける主な収益は、顧客との財及び役務提供契約から生じる収益であり、当該契約における一定の期間にわたる履行義務の充足につれて収益を認識することとしておりますが、従来の取扱いから変更される事項はないため、収益認識会計基準等の適用による当連結会計年度の損益に与える影響はありません。また、利益剰余金の当期首残高及び１株当たり情報に与える影響はありません。  （時価の算定に関する会計基準等の適用）　「時価の算定に関する会計基準」（企業会計基準第30号　2019年７月４日。以下「時価算定会計基準」という。）等を当連結会計年度の期首から適用し、時価算定会計基準第19項及び「金融商品に関する会計基準」（企業会計基準第10号　2019年７月４日）第44－２項に定める経過的な取扱いに従って、時価算定会計基準等が定める新たな会計方針を、将来にわたって適用することといたしました。なお、連結財務諸表への影響はありません。 当連結会計年度（自　2022年12月１日　至　2023年11月30日） 該当事項はありません。 (4）経営成績等の状況の概要に係る主要な項目における差異に関する情報　IFRSにより作成した連結財務諸表における主要な項目と日本基準により作成した場合の連結財務諸表におけるこれらに相当する項目との差異に関する事項は、以下のとおりであります。 前連結会計年度（自　2021年12月１日　至　2022年11月30日）　「第５　経理の状況　１　連結財務諸表等　(１）連結財務諸表　連結財務諸表注記　34．初度適用」に記載のとおりであります。 当連結会計年度（自　2022年12月１日　至　2023年11月30日） （リース）　日本基準では借手のリースについてファイナンス・リースとオペレーティング・リースに分類し、オペレーティング・リースについては通常の賃貸借取引に係る方法に準じた会計処理を行っておりましたが、IFRSでは原則としてすべての借手のリースについて使用権資産及びリース負債を計上しております。この影響により、IFRSでは日本基準に比べて使用権資産及びリース負債がそれぞれ12,365百万円及び12,275百万円増加しております。 （有形固定資産の減価償却）　有形固定資産の減価償却方法について、日本基準では主として定率法を採用しておりましたが、IFRSでは減価償却方法の見直しを行い、定額法を採用しております。この影響により、当連結会計年度において、IFRSでは日本基準に比べて営業利益が35百万円増加しております。 （有給休暇に係る債務の調整）　日本基準においては認識していない有給休暇に係る債務について、IFRSでは未消化の有給休暇について負債認識しております。その結果、IFRSでは日本基準に比べてその他の流動負債が242百万円増加しております。 
経営上の重要な契約等	５【経営上の重要な契約等】　該当事項はありません。 
研究開発活動	６【研究開発活動】　該当事項はありません。 
設備投資等の概要	１【設備投資等の概要】　当連結会計年度において実施いたしました設備投資（使用権資産を除く）の総額は4,496百万円で、その主なものは、障がい者雇用支援サービスの農園建設費用であります。　セグメントごとに示すと、次のとおりになります。なお、有形固定資産の他、無形資産への投資を含めて記載しております。セグメントの名称当連結会計年度（百万円）ビジネスソリューション事業4,466人材ソリューション事業30全社－合計4,496　ビジネスソリューション事業の設備投資4,466百万円のうち、障がい者雇用支援サービスの農園の増新設に係る設備費用は4,018百万円となっております。 
主要な設備の状況	２【主要な設備の状況】(1）提出会社（2023年11月30日現在） 事業所名（所在地）セグメントの名称設備の内容帳簿価額（百万円）従業員数（名）建物構築物車両運搬具工具、器具及び備品ソフトウエア合計本社（東京都千代田区）－事務所営業設備20－－251763123〔3〕（22）（注）１．日本基準に基づく金額を記載しております。２．従業員数は就業人員であります。３．従業員数欄の〔外書〕は契約従業員数であり、（外書）は臨時雇用者の年間平均雇用者数であります。４．現在休止中の設備はありません。５．上記その他支店等には、当社連結子会社が使用している当社保有資産を含んでおります。６．上記のほか、連結会社以外からの主な賃借設備として、以下のものがあります。（2023年11月30日現在） 事業所名（所在地）セグメントの名称設備の内容年間賃借料（単位：百万円）本社（東京都千代田区）－事務所営業設備66 (2）国内子会社（2023年11月30日現在） 会社名事業所名（所在地）セグメントの名称設備の内容帳簿価額（百万円）従業員数（名）土地(面積㎡)建物構築物車両運搬具その他有形固定資産ソフトウエア合計㈱エスプールプラス市原ファーム（千葉県市原市）ビジネスソリューション事業農園－086－0－861〔1〕（3）㈱エスプールプラス市原第二ファーム（千葉県市原市）ビジネスソリューション事業農園－6120－0－1271〔1〕（3）㈱エスプールプラス市川ファーム（千葉県市川市）ビジネスソリューション事業農園－－268100－2791〔－〕（3）㈱エスプールプラス茂原ファーム（千葉県茂原市）ビジネスソリューション事業農園55(6,636)734－0－961〔－〕（3）㈱エスプールプラス茂原第二ファーム（千葉県茂原市）ビジネスソリューション事業農園－2108－0－1102〔－〕（4）㈱エスプールプラス千葉わかばファーム（千葉県千葉市）ビジネスソリューション事業農園－08110－831〔－〕（4）㈱エスプールプラス千葉わかば第二ファーム（千葉県千葉市）ビジネスソリューション事業農園－－11200－1131〔1〕（3）㈱エスプールプラス船橋ファーム（千葉県船橋市）ビジネスソリューション事業農園－094100－1051〔1〕（4）㈱エスプールプラス船橋第二ファーム（千葉県船橋市）ビジネスソリューション事業農園－－17210－174－〔1〕（3）㈱エスプールプラス船橋第三ファーム（千葉県船橋市）ビジネスソリューション事業農園－－15900－1592〔1〕（3）㈱エスプールプラスあいち豊明ファーム（愛知県豊明市）ビジネスソリューション事業農園－014630－1492〔1〕（3）㈱エスプールプラスあいち春日井ファーム（愛知県春日井市）ビジネスソリューション事業農園－－13610－1372〔－〕（4）  会社名事業所名（所在地）セグメントの名称設備の内容帳簿価額（百万円）従業員数（名）土地(面積㎡)建物構築物車両運搬具その他有形固定資産ソフトウエア合計㈱エスプールプラスあいち小牧ファーム（愛知県小牧市）ビジネスソリューション事業農園－－16700－1672〔－〕（3）㈱エスプールプラスあいち小牧第二ファーム（愛知県小牧市）ビジネスソリューション事業農園－－260130－2741〔－〕（3）㈱エスプールプラスあいち長久手ファーム（愛知県長久手市）ビジネスソリューション事業農園－－24670－2541〔1〕（3）㈱エスプールプラスあいち東海ファーム（愛知県東海市）ビジネスソリューション事業農園－－17600－1769〔1〕（4）㈱エスプールプラス愛知みよしファーム（愛知県みよし市）ビジネスソリューション事業農園－－12510－1261〔－〕（3）㈱エスプールプラスあいち名古屋ファーム（愛知県名古屋市）ビジネスソリューション事業農園－231－－1－2331〔1〕（2）㈱エスプールプラスあいち名古屋第二ファーム（愛知県名古屋市）ビジネスソリューション事業農園－425－－2－4281〔－〕（3）㈱エスプールプラス横浜ファーム（神奈川県横浜市）ビジネスソリューション事業農園－439－－1－4412〔－〕（6）㈱エスプールプラス柏ファーム（千葉県柏市）ビジネスソリューション事業農園－010800－1092〔－〕（3）㈱エスプールプラス柏第二ファーム（千葉県柏市）ビジネスソリューション事業農園－011000－1101〔1〕（3）㈱エスプールプラス柏第三ファーム（千葉県柏市）ビジネスソリューション事業農園－－19400－1941〔－〕（3）㈱エスプールプラスちば花見川ファーム（千葉県千葉市）ビジネスソリューション事業農園－09210－941〔－〕（3）  会社名事業所名（所在地）セグメントの名称設備の内容帳簿価額（百万円）従業員数（名）土地(面積㎡)建物構築物車両運搬具その他有形固定資産ソフトウエア合計㈱エスプールプラス松戸ファーム（千葉県松戸市）ビジネスソリューション事業農園－－9460－1011〔－〕（3）㈱エスプールプラスちば八千代ファーム（千葉県八千代市）ビジネスソリューション事業農園－－186－0－1871〔－〕（4）㈱エスプールプラスちば野田ファーム（千葉県野田市）ビジネスソリューション事業農園－－360380－4001〔－〕（3）㈱エスプールプラスさいたま浦和ファーム（埼玉県さいたま市）ビジネスソリューション事業農園－－256130－2693〔－〕（3）㈱エスプールプラスさいたま越谷ファーム（埼玉県越谷市）ビジネスソリューション事業農園－－23350－239－〔2〕（3）㈱エスプールプラスさいたま越谷第二ファーム（埼玉県越谷市）ビジネスソリューション事業農園－－275150－2911〔－〕（3）㈱エスプールプラスさいたま岩槻ファーム（埼玉県岩槻市）ビジネスソリューション事業農園－－30530－3091〔－〕（5）㈱エスプールプラスさいたま岩槻第二ファーム（埼玉県岩槻市）ビジネスソリューション事業農園－－398470－4462〔－〕（2）㈱エスプールプラスさいたま川越ファーム（埼玉県川越市）ビジネスソリューション事業農園－－18500－1851〔－〕（5）㈱エスプールプラスさいたま川越第二ファーム（埼玉県川越市）ビジネスソリューション事業農園－－254110－2661〔2〕（3）㈱エスプールプラスさいたま入間ファーム（埼玉県入間市）ビジネスソリューション事業農園－－267250－2921〔－〕（3）㈱エスプールプラスさいたま大宮ファーム（埼玉県大宮市）ビジネスソリューション事業農園－－252250－2771〔－〕（3）㈱エスプールプラスさいたま三郷ファーム（埼玉県三郷市）ビジネスソリューション事業農園－352－32－358－〔1〕（4）㈱エスプールプラス東京イーストファーム（東京都葛飾区）ビジネスソリューション事業農園－166－－1－1682〔－〕（2）㈱エスプールプラス東京板橋ファーム（東京都板橋区）ビジネスソリューション事業農園－277－－1－2791〔－〕（3）㈱エスプールプラス東京板橋第二ファーム（東京都板橋区）ビジネスソリューション事業農園－242－－1－2431〔1〕（3）㈱エスプールプラス豊洲ファーム（東京都江東区）ビジネスソリューション事業農園－747－－1－748－〔－〕（4）㈱エスプールプラスおおさか摂津ファーム（大阪府摂津市）ビジネスソリューション事業農園－222－－0－2222〔1〕（2）㈱エスプールプラスおおさか枚方ファーム（大阪府枚方市）ビジネスソリューション事業農園－－26580－2741〔1〕（4）㈱エスプールプラス大阪ファーム（大阪府大阪市）ビジネスソリューション事業農園－331－－1－333－〔1〕（3）㈱エスプールプラス大東ファーム（大阪府大東市）ビジネスソリューション事業農園－－280170－2992〔－〕（1）㈱エスプールプラス東大阪ファーム（大阪府東大阪市）ビジネスソリューション事業農園－422－－2－425－〔－〕（2）㈱エスプールロジスティクス品川センター（東京都港区）ビジネスソリューション事業物流設備－74－038011311〔8〕（4）㈱エスプールロジスティクス流山センター（千葉県流山市）ビジネスソリューション事業物流設備－3－－94－9715〔1〕（3）㈱エスプールグローカル事業統括本部（東京都千代田区）ビジネスソリューション事業事務所営業設備－－－－－484819〔2〕（6）㈱エスプールヒューマンソリューションズ新宿本社（東京都新宿区）人材ソリューション事業事務所営業設備－16－－3284889〔16〕（3）（注）１．日本基準に基づく金額を記載しております。２．従業員数は就業人員であります。３．従業員数欄の〔外書〕は契約従業員数であり、（外書）は臨時雇用者の年間平均雇用者数であります。４．現在休止中の設備はありません。５．上記のほか、連結会社以外からの主な賃借設備として、以下のものがあります。（2023年11月30日現在） 会社名事業所名（所在地）セグメントの名称設備の内容年間賃借料（単位：百万円）㈱エスプールセールスサポート秋葉原（東京都千代田区）ビジネスソリューション事業事務所営業設備120㈱エスプールリンク㈱エスプールグローカルブルードットグリーン㈱㈱エスプールヒューマンソリューションズ新宿本社（東京都新宿区）人材ソリューション事業事務所営業設備42㈱エスプールロジスティクス品川センター（東京都港区）ビジネスソリューション事業物流施設108㈱エスプールロジスティクス平和島共配センター（東京都大田区）ビジネスソリューション事業物流施設40㈱エスプールロジスティクスつくばＥＣセンター（茨城県つくば市）ビジネスソリューション事業物流施設36 
株式の総数	①【株式の総数】種類発行可能株式総数（株）普通株式250,800,000計250,800,000
発行済株式、株式の総数等	②【発行済株式】種類事業年度末現在発行数（株）（2023年11月30日）提出日現在発行数（株）（2024年２月29日）上場金融商品取引所名又は登録認可金融商品取引業協会名内容普通株式79,007,50079,007,500東京証券取引所（プライム市場）単元株式数100株計79,007,50079,007,500－－（注）「提出日現在発行数」欄には、2024年２月１日からこの有価証券報告書提出日までの新株予約権の行使により発行された株式数は含まれておりません。 
配当政策	３【配当政策】　当社は、継続的な企業価値の向上と、それを通じた株主還元に積極的に取り組んでまいります。株主の皆様への還元についての基本方針は以下のとおりであります。①成長のための事業投資を最優先とします。②事業投資のための内部留保を確保したうえで、資本効率や財務基盤の強化を勘案し、安定的、かつ、持続的に株主還元の向上に努めてまいります。③具体的には、連結配当性向を30％以上とすることを目標といたします。なお、単年度においては、連結配当性向が60％を超えない限り減配はしないこととします。　内部留保資金につきましては、障がい者雇用支援サービス等の短期的に成長が見込める既存事業分野への投資と、中長期の環境変化に対応するための、既存事業を変革させる投資や新たな事業機会を獲得する新規事業投資に用いてまいりたいと考えております。　また、当社は、会社法第454条第５項に規定する中間配当を行うことができる旨を定款に定めております。配当の決定機関は、中間配当は取締役会、期末配当は株主総会であります。　なお、当事業年度に係る剰余金の配当は以下のとおりであります。決議年月日配当金の総額（百万円）１株当たり配当額（円）2024年２月28日79010.0定時株主総会決議
コーポレート・ガバナンスの概要	（１）【コーポレート・ガバナンスの概要】①　コーポレート・ガバナンスに関する基本的な考え方　当社グループは、「アウトソーシングの力で企業変革を支援し、社会課題を解決する」を企業理念に掲げております。事業活動を通じて社会の課題と、それに付随する企業課題を解決するソーシャルビジネスを推進することで、新たな社会的価値を創造し、社会にとって必要不可欠な存在となることを目標としております。　当社グループは、このミッションを実現するために、経営の効率性・透明性を高めることをコーポレート・ガバナンスの基本方針としております。　法令遵守を徹底し、内部統制システムの整備・強化を図り、当社グループはもちろん、業界全体の社会的な信用を高められるよう企業倫理を追求・確立して参ります。　また、ミッション実現のために、より具体的なビジョンを中期経営計画として掲げるとともに、社員共通の行動規範をエスプールバリューとして定めております。 ②　企業統治の体制の概要及び当該体制を採用する理由１．企業統治の体制の概要　当社の取締役会は、取締役６名（代表取締役　浦上 壮平、取締役　佐藤 英朗、取締役　荒井 直、社外取締役　赤浦 徹、社外取締役　宮沢 奈央、社外取締役　仲井 一彦）で構成され、当社グループの経営方針、経営戦略、事業計画、重要な財産の取得や処分、重要な組織・人事に関する意思決定、当社及び子会社における業務執行の監督等を行っております。議長は浦上 壮平（代表取締役）が務めております。　監査役会は、監査役３名（社外監査役　徐 進、社外監査役　畑中 裕、社外監査役　山下 登）で構成され、各監査役は監査役会での協議により監査方針や監査計画を策定し、定時取締役会、臨時取締役会及び必要に応じてその他社内会議に出席するほか、本社、その他の事業所、子会社における業務及び財産の状況調査を通じて、取締役の職務執行を監査しています。議長は徐 進（常勤監査役）が務めております。　当社では、代表取締役以下業務執行取締役、執行役員、事業部長及び業務担当部長が、取締役会が策定した事業計画に基づき業務執行を行っております。取締役会は原則として毎月１回、別途必要に応じて随時機動的に開催され、業績報告のレビューを通じて、経営の意思決定及び取締役の職務執行の監督、管理を行っております。また、取締役会の機能を強化し経営効率を向上させるため、代表取締役は業務執行取締役、事業部長及び子会社社長等で構成されるグループ会議を開催し、業務執行につき効率的な審議を行うとともに、経営情報の共有を図っております。 ２．当該体制を採用する理由　当社では、経営機関として、社外取締役を中心とした取締役会を設置しております。また、当社の規模から考えて効果的な経営監視機能が発揮できる監査役制度を採用しております。社外役員を中心として取締役会及び監査役会を運営することでガバナンスの強化に努めており、社外役員６名（赤浦 徹、宮沢 奈央、仲井 一彦、徐 進、畑中 裕、山下 登）は独立役員として東京証券取引所に届け出ております。 ３．取締役会の活動状況　当事業年度における取締役会への個々の取締役の出席状況は次のとおりであります。役　職　名氏　名開催回数出席回数代表取締役浦上　壮平1717取締役佐藤　英朗1717取締役荒井　直1717社外取締役赤浦　徹1717社外取締役宮沢　奈央1717社外取締役仲井　一彦1717 　取締役会においては、社会情勢や事業環境の変遷に伴って変化した当社を取り巻くリスクの分析及び検討を行い、当社が取るべき事業戦略、採用戦略、投資戦略について課題の共有と討議を行いました。また、子会社事業に関する報道についての対応策の検討、株式出資やＭ＆Ａ案件についての議論も行いました。  ③　企業統治に関するその他の事項１．内部統制システム、リスク管理体制及び子会社の業務の適正を確保するための体制の整備状況　当社は、会社法および同法施行規則に基づき、当社および当社グループの業務の適正を確保するための体制の整備に関する基本方針を以下のとおり定めております。・取締役並びに使用人の職務の執行が法令及び定款に適合することを確保するための体制イ．当社は、法令遵守を経営の最重要課題として位置付けて、コンプライアンスに関する基本方針を制定し、取締役並びに使用人が法令及び定款等を遵守することの徹底を図る。ロ．代表取締役社長は、全社横断的なコンプライアンス体制の整備及び問題点の把握に努めるとともに、その結果を取締役会に報告する。ハ．当社の事業活動に関連して遵守することの求められる法令等を遵守するため、業務に必要な手引書を整備し、コンプライアンス確保のための教育、指導を実施するとともに、法令上疑義のある行為等について使用人が直接情報提供を行う手段として、内部通報窓口を設置、運営する。内部通報窓口の運営は当社内部監査室が担い、当社及び当社グループの取締役及び全ての使用人に対して周知をするとともに、通報者の希望により匿名性を維持し、通報者に不利益がないことを保証する。・取締役の職務の執行に係る情報の保存及び管理に関する体制イ．代表取締役社長は、取締役の職務執行に係る情報の保存及び管理に関して、統括責任者として管理本部長を任命し、文書管理規程に従い、取締役の職務執行に係る情報を文書又は電磁的媒体（以下「文書等」という）に記録し、保存する。ロ．取締役及び監査役は、文書管理規程に従い、常時、これらの文書等を閲覧できるものとする。・当社及び当社子会社の損失の危険の管理に関する規程その他の体制イ．当社は、当社グループ全体のリスク管理体制の構築及び運用方法を定めたリスク管理規程を制定する。ロ．各部門又は各子会社の所管業務に付随するリスク管理は当該部門又は当該子会社が、また組織横断的リスク状況の監視及び全社的対応は代表取締役社長と社長室が実施する。ハ．上記のリスク管理の状況については、定期的に取締役会に報告し、必要に応じて速やかに対策を検討する。 ニ．内部監査室は、当社グループ全体のリスク管理体制について内部監査を実施し、その結果を代表取締役社長に報告する。・当社及び当社子会社の取締役の職務の執行が効率的に行われることを確保するための体制イ．取締役会は、事業環境の動向を踏まえた経営方針に基づき当社グループ全体の事業計画を策定し、各業務執行取締役、執行役員、事業部長、業務担当部長及び各部門並びに各子会社は、当該計画の達成に向けた具体的な活動を行う。ロ．取締役会を原則として毎月１回、別途必要に応じて随時機動的に開催し、業績報告のレビューを通じて、経営の意思決定及び取締役の職務執行の監督、管理を行う。ハ．取締役会の機能を強化し経営効率を向上させるため、代表取締役社長は業務執行取締役、事業部長及び子会社社長等で構成されるグループ会議を開催し、業務執行につき効率的な審議を行うとともに、経営情報の共有を図る。ニ．社内規程の整備運用により当社グループ全体の組織、業務分掌、職務権限及び意思決定ルールの明確化を図り、日々の職務執行の効率化を図る。・当社及び当社の子会社からなる企業集団における業務の適正を確保するための体制イ．当社は、グループ共通のコンプライアンスに関する基本方針のもと、グループ各社の社長をコンプライアンス責任者とし、その管理について当社管理本部長が総括する。ロ．当社グループ各社の管理は子会社管理規程に基づき実施し、業績及び経営状況に影響を及ぼす重要事項について、当社取締役会に定期的に報告し、もしくは事前協議を行う体制を構築する。ハ．当社の内部監査室は、当社及び当社グループ各社の内部監査を実施し、その結果を代表取締役社長に報告する。・監査役がその職務を補助すべき使用人を置くことを求めた場合における当該使用人に関する事項及び当該使用人の取締役からの独立性並びに当該使用人に対する指示の実効性の確保に関する事項イ．監査役の職務を補助するため、監査役は内部監査室の従業員に業務を命じることができる。ロ．監査役から監査業務に必要な命令を受けた内部監査室の従業員は、その命令に関して、取締役の指揮命令を受けず、当該従業員の任命、異動、考課等人事権に係る事項の決定には、監査役の事前の同意を得るものとする。また、当該従業員が監査役の指揮命令に従わなかった場合には社内処分の対象とする。・当社及び当社子会社の取締役及び使用人が監査役に報告するための体制その他の監査役への報告に関する体制イ．監査役は、取締役会のほかグループ会議その他重要と思われる会議に出席し、当社及び当社子会社の取締役及び使用人に対して、事業の報告を求め、また、書類の提示を求めることができるものとする。ロ．当社及び当社子会社の取締役及び使用人は、取締役会その他の重要会議を通じて、もしくは直接監査役に対して、法定の事項に加え、次の事項について定期的又は速やかに報告するものとする。ⅰ）取締役会、グループ会議で審議された重要事項ⅱ）当社及び当社子会社に著しい損害を及ぼすおそれのある事項ⅲ）内部監査に関する重要事項ⅳ）重大な法令・定款違反に関する事項ⅴ）その他当社グループのコンプライアンス・リスク管理上の重要事項ハ．当社は、監査役を窓口とするグループ内部通報制度を設置し、当社及び当社子会社の取締役及び使用人に対して周知する。ニ．当社は、監査役への報告を行った当社及び当社子会社の取締役及び使用人に対し、当該報告を理由として不利な取り扱いを行うことを禁止し、その旨を当社及び当社子会社の取締役及び使用人に周知する。・その他監査役の監査が実効的に行われることを確保するための体制イ．監査役は、監査の実効性を確保するために必要な相互の意思疎通を図る目的で、代表取締役、内部監査室、会計監査人との間で、それぞれ定期的に意見交換会を開催する。ロ．監査役は、監査の実施上必要と認めるときは、弁護士、公認会計士、コンサルタントその他の外部専門家を独自に活用することができる。ハ．当社は、監査役がその職務執行について必要な費用の前払等の請求をした時は、当該費用が当該監査役の職務執行に必要でないと認められた場合を除き、速やかに処理する。・信頼性のある財務報告を確保するための体制イ．財務報告の作成にあたっては、法令及び公正妥当な会計基準に準拠した経理規程及び連結経理規程を定める。 ロ．代表取締役社長は、信頼性のある財務報告を確保するための内部統制システムの整備状況及び運用状況について自ら評価し、内部統制報告書として結果報告を行うとともに、不備事項については適時に改善を実施する。・反社会的勢力排除に向けた体制当社及び当社グループは、社会の秩序や企業の健全な活動に脅威を与える反社会的勢力とは一切関係を持たず、また不当な要求に対しては組織全体として毅然とした姿勢で対応することとする。２．責任限定契約の内容の概要　当社は業務執行取締役等でない各取締役及び各監査役との間で会社法第423条第１項の損害賠償責任を限定する契約を締結しており、当該契約に基づく賠償責任限度額は、100万円又は法令が定める金額のいずれか高い額としております。３．補償契約の内容の概要　当社は、取締役浦上壮平、佐藤英朗、荒井直、赤浦徹、宮沢奈央、仲井一彦、監査役徐進、畑中裕及び山下登との間で、会社法第430条の２第１項に規定する補償契約を締結しております。補償契約の内容は、同条第１項第１号の費用及び同項第２号の損失を法令の定める範囲内において当社が補償するものです。ただし、当社の承諾なくして和解した場合の和解金は補償されないなどの適正性確保措置があります。４．役員等賠償責任保険契約の内容の概要　当社は、当社及び当社子会社のイ．取締役、ロ．監査役、ハ．管理職従業員（役員と共同被告となった場合その他一定の場合には管理職以外の従業員を含みます）、ニ．上記イ．からハ．の者とともに損害賠償請求された場合の当該請求された者の配偶者、及びホ．上記イ．からハ．の者の法定相続人が被保険者に含まれる会社法第430条の３第１項に規定する役員等賠償責任保険契約を保険会社との間で締結しております。当該保険契約では、被保険者がその職務の執行に関し責任を負うこと又は当該責任の追及に係る請求を受けることによって生ずることのある損害を当該保険契約により填補することとされています。ただし、被保険者が法令に違反することを認識して行った行為に起因して生じた損害は填補されないなど、一定の免責事由があります。当該保険契約に係る保険料は当社が全額負担しており、被保険者の実質的な保険料負担はありません。５．取締役の定数　当社の取締役は９名以内とする旨、定款に定めております。６．取締役の選任　当社は、取締役の選任決議は、議決権を行使することができる株主の議決権の３分の１以上を有する株主が出席し、その議決権の過半数をもって行う旨、定款に定めております。また、取締役の選任については、累積投票によらない旨、定款に定めております。７．株主総会決議事項を取締役会で決議できるとした事項イ．自己株式の取得　当社は、会社法第165条第２項の規定に基づき、取締役会の決議により、市場取引等による自己株式の取得を行うことができる旨、定款に定めております。これは、機動的な資本政策を遂行することを目的とするものであります。ロ．中間配当　当社は、取締役会の決議により、会社法第454条第５項の規定による中間配当をすることができる旨、定款に定めております。これは、株主への機動的な利益還元を行うことを目的とするものであります。ハ．損害賠償責任の一部免除　当社は、取締役会の決議をもって、取締役（取締役であった者を含む。）及び監査役（監査役であった者を含む。）の当会社に対する損害賠償責任を法令が定める範囲内で免除することができる旨、定款に定めております。これは、取締役及び監査役が、職務の遂行にあたり期待される役割を十分に発揮できるようにするためであります。８．株主総会の特別決議要件　当社は、会社法第309条第２項に定める株主総会の決議要件について、議決権を行使することができる株主の議決権の３分の１以上を有する株主が出席し、その議決権の３分の２以上に当たる多数をもって行う旨、定款に定めております。これは、株主総会における特別決議の定足数を緩和することにより、株主総会の円滑な運営を行うことを目的とするものであります。 
役員の状況	（２）【役員の状況】①　役員一覧男性7名　女性2名　（役員のうち女性の比率22.2％）役職名氏名生年月日略歴任期所有株式数（株）代表取締役会長兼社長浦上　壮平1966年８月25日1990年４月　日本情報サービス株式会社入社1992年７月　株式会社ファコムジャパン入社1995年４月　株式会社タートルジャパン（現株式会社学研エル・スタッフィング）入社1998年６月　同社取締役1999年12月　当社設立代表取締役社長2004年10月　当社代表取締役会長兼CEO2006年３月　当社代表取締役会長兼社長（現任）2009年12月　株式会社エスプールヒューマンソリューションズ代表取締役（現任）2011年12月　株式会社わーくはぴねす農園（現株式会社エスプールプラス）代表取締役（現任）2013年12月　株式会社エスプールロジスティクス代表取締役（現任）2014年11月　株式会社エスプールセールスサポート代表取締役（現任）2019年12月　株式会社エスプールリンク代表取締役（現任）2019年12月　世霹股份有限公司監察人（現任）2020年６月　ブルードットグリーン株式会社代表取締役（現任）2021年12月　株式会社エスプールグローカル代表取締役（現任）（注）３8,040,100取締役管理本部担当佐藤　英朗1970年11月４日1994年４月　中央監査法人入所1997年４月　公認会計士登録2000年９月　当社入社2003年２月　当社取締役2004年11月　当社執行役員管理本部長2007年２月　当社取締役管理本部担当（現任）（注）３1,973,900取締役社長室子会社担当荒井　直1975年７月13日1999年４月　東急観光株式会社(現東武トップツアーズ株式会社)入社2002年７月　当社入社2008年３月　当社社長室長2014年11月　株式会社エスプールセールスサポート取締役　　　　　　（現任)2014年12月　当社執行役員社長室長2017年２月　当社取締役社長室・子会社担当（現任）2017年２月　株式会社エスプールヒューマンソリューションズ取締役（現任）2017年２月　株式会社エスプールロジスティクス取締役　　　　　　（現任）2017年２月　株式会社エスプールプラス取締役（現任）2019年12月　株式会社エスプールリンク取締役（現任）2020年６月　ブルードットグリーン株式会社取締役（現任）2021年12月　株式会社エスプールグローカル取締役（現任）（注）３511,300  役職名氏名生年月日略歴任期所有株式数（株）取締役（非常勤）赤浦　徹1968年８月７日1991年４月　日本合同ファイナンス株式会社（現ジャフコ グループ株式会社）入社1999年10月　インキュベイトキャピタルパートナーズ設立　ゼネラルパートナー（現任）2000年３月　当社取締役（現任）2005年６月　株式会社jig.jp 取締役（現任）2007年８月　三三株式会社（現Sansan株式会社）取締役2010年９月　インキュベイトファンド株式会社代表取締役（現任）2014年10月　株式会社ダブルスタンダード監査役2015年８月　Sansan株式会社取締役（監査等委員）（現任）2017年３月　IFホールディングス株式会社代表取締役（現任）2019年７月　一般社団法人日本ベンチャーキャピタル協会　会長（現任）2021年６月　株式会社ダブルスタンダード取締役（現任）（注）３2,745,000取締役（非常勤）宮沢　奈央1982年５月25日2005年４月　ぴあ株式会社入社2016年９月　弁護士登録　　　　　　TF法律事務所2018年２月　OMM法律事務所2018年２月　当社取締役（現任）2020年９月　TFR法律事務所開設（現任）2020年10月　株式会社マイクロアド監査役2021年12月　株式会社マイクロアド取締役（監査等委員）（現任）（注）３－取締役（非常勤）仲井　一彦1951年８月31日1976年８月　監査法人中央会計事務所入所1981年３月　公認会計士登録1995年11月　中央監査法人代表社員2005年３月　税理士登録2007年７月　新日本監査法人（現EY新日本有限責任監査法人）代表社員2010年７月　仲井一彦公認会計士事務所開設　所長（現任）2011年６月　日本アンテナ株式会社監査役（現任）2012年３月　株式会社大塚商会監査役（現任）2019年２月　当社取締役（現任）（注）３－常勤監査役徐　進1968年７月25日1995年４月　三菱電機株式会社入社1996年６月　株式会社クロスウェイブ入社2000年４月　株式会社アクセスポート（現JWord株式会社）入社2003年３月　有限会社泰進設立　代表取締役2007年２月　当社常勤監査役（現任）2010年２月　株式会社エスプールヒューマンソリューションズ監査役（現任）2010年６月　株式会社わーくはぴねす農園（現株式会社エスプールプラス）監査役（現任）2013年12月　株式会社エスプールロジスティクス監査役　　　　　　（現任）2014年11月　株式会社エスプールセールスサポート監査役（現任）2014年12月　株式会社STUDIOUS（現株式会社TOKYO BASE）監査役2017年５月　株式会社TOKYO BASE取締役（監査等委員）　　　　　　（現任）2019年12月　株式会社エスプールリンク監査役（現任）2020年６月　ブルードットグリーン株式会社監査役（現任）2021年12月　株式会社エスプールグローカル監査役（現任）（注）４138,600  役職名氏名生年月日略歴任期所有株式数（株）監査役畑中　裕1960年１月17日1984年４月　赤井電機株式会社入社1987年３月　リビングストンコミュニケーション入社1989年５月　エムアンドシーコンサルティング設立1991年４月　エムアンドシーコンサルティング株式会社設立代表取締役（現任）2003年９月　当社監査役（現任）2016年６月　株式会社ジー・テイスト（現株式会社焼肉坂井ホールディングス）取締役（現任）（注）４－監査役山下　登1960年７月５日1985年10月　松が谷子ども会館（現松が谷子ども・若者育成支援センター）入職1991年10月　八王子保健生活協同組合入職1996年１月　社会保険労務士登録2020年８月　みなみ野社会保険労務士事務所開設（現任）2024年２月　当社監査役（現任）（注）５－計13,408,900（注）１．取締役赤浦徹、宮沢奈央及び仲井一彦は、社外役員（会社法施行規則第２条第３項第５号）に該当する社外取締役（会社法第２条第15号）であります。２．監査役徐進、畑中裕及び山下登は、社外役員（会社法施行規則第２条第３項第５号）に該当する社外監査役（会社法第２条第16号）であります。３．2023年２月22日開催の定時株主総会終結の時から２年間であります。４．2023年２月22日開催の定時株主総会終結の時から４年間であります。５．2024年２月28日開催の定時株主総会終結の時から４年間であります。 ②　社外役員の状況　当社の社外取締役は３名であり、社外監査役は３名であります。（社外取締役）　赤浦徹氏は、インキュベイトキャピタルパートナーズの代表者として、企業投資に関する豊富な知識と経験を有しているとともに、誠実な人格を兼ね備えております。長年にわたる企業の取締役等の経験から、取締役会における適切な意思決定等の職務を遂行できるものと判断しております。　主な活動状況として、重要な経営方針や事業に関する助言を積極的に行うとともに、客観的・独立的な立場から議案審議等に必要な発言を適宜行っており、当社が期待する役割を十分に果たしております。　引き続き、これまでの経験及び実績を活かし、経営全般の監督及び意思決定に有効な助言・指導等をしていただくことを期待しております。　宮沢奈央氏は、弁護士として法務全般に関し高度な専門的知識と経験を有しており、専門家としての経験及び実績を活かして職務を遂行できるものと判断しております。　主な活動状況として、会社の透明性・客観性の向上及び監督機能の強化に貢献するとともに、専門家として客観的・独立的な立場から議案審議等に必要な発言を適宜行っており、当社が期待する役割を十分に果たしております。　引き続き、これまでの経験及び実績を活かし、経営全般の監督及び意思決定に有効な助言・指導等をしていただくことを期待しております。　仲井一彦氏は、公認会計士としての実績や上場企業の社外役員としての豊富な経験及び専門家としての広範な見識を有しており、その豊富な経験と実績を活かした適切な意思決定及び監督機能の強化等の職務を遂行できるものと判断しております。　主な活動状況として、経営課題や事業のリスク管理等に関して有益な助言を行うとともに、専門家として客観的・独立的な立場から議案審議等に必要な発言を適宜行い、当社が期待する役割を十分に果たしております。　引き続き、これまでの経験及び実績を活かし、経営全般の監督及び意思決定に有効な助言・指導等をしていただくことを期待しております。（社外監査役）　徐進氏は、常勤監査役として社内管理体制の強化及び監査役会統括のために就任しており、議案審議等に必要な発言を適宜行っております。　畑中裕氏は、経営コンサルタントとしての実績や他社の経営者としての豊富な経験があり、議案審議等に必要な発言を適宜行っております。　山下登氏は、社会保険労務士としての人事・労務に関する豊富な知識と経験を有しております。その知識と経験に基づく専門的な見地から、議案審議等に必要な発言を適宜行うことで有効な助言等をしていただくことを期待しております。（利害関係）　社外取締役赤浦徹氏は、過去において他の会社の役員であったことがあり、現在において他の会社の役員を兼任しておりますが、当該他の会社と当社の間には特別な利害関係はありません。また、社外取締役仲井一彦氏は、現在において他の会社の役員を兼任しておりますが、当該他の会社と当社の間には特別な利害関係はありません。　社外監査役徐進氏は、過去において他の会社の役員であったことがあり、現在において他の会社の役員を兼任しておりますが、当該他の会社と当社の間には特別な利害関係はありません。また、社外監査役畑中裕氏は、現在において他の会社の役員を兼任しておりますが、当該他の会社と当社の間には特別な利害関係はありません。　なお、社外取締役赤浦徹氏及び社外監査役徐進氏は、当社の株主であり、当社株式の売買に関しては当社取締役と同様に、当社へ事前申請し、承認を取得することで合意しております。　当社と社外取締役及び社外監査役との間には、上記を除き、記載すべき人的関係、資本的関係又は重要な取引関係その他の利害関係はありません。また、当社では、すべての社外取締役及び社外監査役について、一般株主と利益相反が生じる恐れのない独立役員として選任しております。③　社外取締役又は社外監査役の提出会社からの独立性に関する考え方　社外取締役及び社外監査役はいずれも、親会社又は他の関係会社の出身者でなく、当該会社の主要株主でもありません。また、当該会社又は当該会社の特定関係事業者の業務執行取締役、執行役等の配偶者、三親等以内の親族その他これに準ずる者でなく、当社の子会社から役員としての報酬等その他財産上の利益を受けている者でもありません。よって社外取締役及び社外監査役はいずれも独立性の確保ができているものと考えます。　なお、当社において、社外取締役及び社外監査役を選任するための独立性に関する基準や方針は特段定めておりませんが、当社との人的関係、資本的関係等の特別な利害関係がなく、高い知見に基づき当社の経営監視ができること等を個別に判断し、選任しております。④　社外取締役又は社外監査役による監督又は監査と内部監査、監査役監査及び会計監査との相互連携並びに内部統制部門との関係　社外取締役は、取締役会その他会議に出席し、取締役会における監査役の意見や内部統制の評価結果の報告などを踏まえて意見を述べること等により、業務執行から独立した立場からの経営監督機能を果たしております。　社外監査役は、取締役会や監査役会に出席し、客観的かつ独立的な立場から意見を述べるほか、内部監査室及び会計監査人と定期的に情報交換を行い、監査機能の強化に努めております。 
貸借対照表	①【貸借対照表】  (単位：百万円) 前事業年度(2022年11月30日)当事業年度(2023年11月30日)資産の部  流動資産  現金及び預金316431売掛金※１ 412※１ 638前払費用148169関係会社短期貸付金3,2145,214立替金※１ 600※１ 2,286未収入金※１ 806※１ 0貸倒引当金－△17流動資産合計5,4978,722固定資産  有形固定資産  建物及び構築物27820工具、器具及び備品9825その他20有形固定資産合計37946無形固定資産  ソフトウエア2417その他00無形固定資産合計2517投資その他の資産  投資有価証券4111関係会社株式566546繰延税金資産2111敷金及び保証金577871投資その他の資産合計1,2071,442固定資産合計1,6121,505資産合計7,11010,228    (単位：百万円) 前事業年度(2022年11月30日)当事業年度(2023年11月30日)負債の部  流動負債  買掛金2646短期借入金※２ 3,450※２ 4,286リース債務－0１年内返済予定の長期借入金228228未払金※１ 118※１ 169未払費用94184未払法人税等45518未払消費税等－27預り金2329賞与引当金1319その他2119流動負債合計4,4335,030固定負債  長期借入金9593,000その他0－固定負債合計9603,000負債合計5,3938,031純資産の部  株主資本  資本金372372資本剰余金  資本準備金222222資本剰余金合計222222利益剰余金  その他利益剰余金  繰越利益剰余金1,1221,603利益剰余金合計1,1221,603自己株式△0△0株主資本合計1,7162,197純資産合計1,7162,197負債純資産合計7,11010,228
損益計算書	②【損益計算書】  (単位：百万円) 前事業年度(自　2021年12月１日　至　2022年11月30日)当事業年度(自　2022年12月１日　至　2023年11月30日)売上高※２ 1,843※２ 2,249売上原価177239売上総利益1,6662,010販売費及び一般管理費※１,※２ 1,753※１,※２ 2,071営業損失（△）△86△61営業外収益  受取利息※２ 82※２ 95受取配当金※２ 600※２ 1,201その他01営業外収益合計6831,298営業外費用  支払利息2635貸倒引当金繰入額－14その他10営業外費用合計2749経常利益5701,187特別利益  固定資産売却益－0投資有価証券売却益30－特別利益合計300特別損失  固定資産除却損143投資有価証券評価損19349特別損失合計20752税引前当期純利益3921,134法人税、住民税及び事業税111法人税等調整額1210法人税等合計1421当期純利益3781,112
キャッシュ・フロー計算書	
